3 0.51015625 0.537962962962963 0.011458333333333333 0.03194444444444444
1 0.21770833333333334 0.7351851851851852 0.013541666666666667 0.0763888888888889
1 0.32838541666666665 0.8870370370370371 0.02109375 0.06898148148148148
1 0.5760416666666667 0.7953703703703704 0.025520833333333333 0.0712962962962963
1 0.73046875 0.7037037037037037 0.01328125 0.08194444444444444
1 0.7552083333333334 0.6569444444444444 0.014322916666666666 0.08148148148148149
1 0.5440104166666667 0.13842592592592592 0.013802083333333333 0.08611111111111111
1 0.5856770833333333 0.1300925925925926 0.027864583333333335 0.06018518518518518
1 0.7895833333333333 0.5824074074074074 0.018489583333333334 0.0837962962962963
1 0.6890625 0.475 0.0109375 0.07592592592592592
1 0.4552083333333333 0.6037037037037037 0.03723958333333333 0.03287037037037037
1 0.44583333333333336 0.525 0.03411458333333333 0.03564814814814815
1 0.38671875 0.4337962962962963 0.011197916666666667 0.08055555555555556