3 0.5130208333333334 0.5305555555555556 0.0125 0.030555555555555555
1 0.5763020833333333 0.13055555555555556 0.028385416666666666 0.06018518518518518
1 0.5395833333333333 0.14675925925925926 0.015104166666666667 0.08425925925925926
1 0.7903645833333334 0.5861111111111111 0.016666666666666666 0.0837962962962963
1 0.753125 0.6287037037037037 0.016666666666666666 0.08009259259259259
1 0.7299479166666667 0.7055555555555556 0.012239583333333333 0.08148148148148149
1 0.5799479166666667 0.8185185185185185 0.018229166666666668 0.07546296296296297
1 0.328125 0.8976851851851851 0.020833333333333332 0.07962962962962963
1 0.20833333333333334 0.7685185185185185 0.030989583333333334 0.06018518518518518
1 0.38645833333333335 0.42314814814814816 0.010416666666666666 0.08009259259259259
1 0.44453125 0.5361111111111111 0.034895833333333334 0.033796296296296297
1 0.4546875 0.6111111111111112 0.03828125 0.025
1 0.6901041666666666 0.4722222222222222 0.011458333333333333 0.07731481481481481