1 0.5393229166666667 0.15555555555555556 0.01484375 0.08796296296296297
1 0.57421875 0.13796296296296295 0.029166666666666667 0.06435185185185185
1 0.38619791666666664 0.425 0.01171875 0.0824074074074074
1 0.20572916666666666 0.7898148148148149 0.03854166666666667 0.044444444444444446
1 0.4440104166666667 0.5416666666666666 0.03515625 0.03564814814814815
1 0.45286458333333335 0.6212962962962963 0.038802083333333334 0.02824074074074074
1 0.33125 0.9055555555555556 0.017708333333333333 0.0787037037037037
1 0.5794270833333334 0.8296296296296296 0.022916666666666665 0.06805555555555555
1 0.6888020833333334 0.47962962962962963 0.0125 0.07731481481481481
1 0.7890625 0.5981481481481481 0.016666666666666666 0.08101851851851852
1 0.7518229166666667 0.6296296296296297 0.01796875 0.08472222222222223
1 0.72890625 0.712037037037037 0.016145833333333335 0.08101851851851852