1 0.20208333333333334 0.8199074074074074 0.04453125 0.025925925925925925
1 0.38307291666666665 0.43287037037037035 0.01171875 0.08425925925925926
1 0.5356770833333333 0.1712962962962963 0.016145833333333335 0.08564814814814815
1 0.5708333333333333 0.15462962962962962 0.029427083333333333 0.062037037037037036
1 0.44296875 0.5583333333333333 0.03515625 0.03518518518518519
1 0.453125 0.6402777777777777 0.03828125 0.02962962962962963
1 0.33177083333333335 0.9175925925925926 0.016145833333333335 0.08009259259259259
1 0.5778645833333333 0.8550925925925926 0.029427083333333333 0.05740740740740741
1 0.68671875 0.5018518518518519 0.013541666666666667 0.08009259259259259
1 0.7270833333333333 0.7282407407407407 0.01484375 0.08333333333333333
1 0.7479166666666667 0.6425925925925926 0.0140625 0.08796296296296297
1 0.78515625 0.6217592592592592 0.019270833333333334 0.08425925925925926