3 0.4244791666666667 0.10694444444444444 0.024479166666666666 0.023148148148148147
1 0.36692708333333335 0.5787037037037037 0.009895833333333333 0.08194444444444444
1 0.43411458333333336 0.7240740740740741 0.02890625 0.047685185185185185
1 0.45286458333333335 0.7916666666666666 0.04114583333333333 0.02361111111111111
1 0.5052083333333334 0.325 0.011979166666666667 0.08703703703703704
1 0.54296875 0.3199074074074074 0.020052083333333335 0.07222222222222222
1 0.5796875 0.9578703703703704 0.0375 0.022222222222222223
1 0.7151041666666667 0.787962962962963 0.015885416666666666 0.07361111111111111
1 0.7791666666666667 0.7152777777777778 0.022135416666666668 0.07777777777777778
1 0.6736979166666667 0.6208333333333333 0.01640625 0.07962962962962963
1 0.7283854166666667 0.6620370370370371 0.015104166666666667 0.08472222222222223