3 0.4197916666666667 0.11851851851851852 0.027604166666666666 0.03009259259259259
1 0.3658854166666667 0.5916666666666667 0.012760416666666666 0.08425925925925926
1 0.5049479166666667 0.3333333333333333 0.01484375 0.08935185185185185
1 0.5411458333333333 0.3314814814814815 0.021354166666666667 0.07731481481481481
1 0.4322916666666667 0.7402777777777778 0.027864583333333335 0.05277777777777778
1 0.45208333333333334 0.8083333333333333 0.04348958333333333 0.024537037037037038
1 0.5783854166666667 0.9689814814814814 0.03671875 0.025925925925925925
1 0.6708333333333333 0.6342592592592593 0.01796875 0.08287037037037037
1 0.7260416666666667 0.6722222222222223 0.018489583333333334 0.08425925925925926
1 0.7143229166666667 0.8046296296296296 0.017708333333333333 0.07407407407407407
1 0.7778645833333333 0.7333333333333333 0.024739583333333332 0.08009259259259259