3 0.509375 0.6453703703703704 0.009895833333333333 0.04212962962962963
3 0.39609375 0.14305555555555555 0.025 0.025925925925925925
1 0.5015625 0.350462962962963 0.016145833333333335 0.08333333333333333
1 0.5395833333333333 0.3449074074074074 0.020572916666666666 0.07685185185185185
1 0.3658854166666667 0.5981481481481481 0.011197916666666667 0.08148148148148149
1 0.67109375 0.6606481481481481 0.019791666666666666 0.07222222222222222
1 0.7203125 0.6564814814814814 0.016666666666666666 0.0824074074074074
1 0.7752604166666667 0.7712962962962963 0.01953125 0.0824074074074074
1 0.43046875 0.7902777777777777 0.028645833333333332 0.05740740740740741
1 0.4510416666666667 0.8638888888888889 0.04140625 0.03564814814814815
1 0.7114583333333333 0.8541666666666666 0.013541666666666667 0.08333333333333333