3 0.27265625 0.41388888888888886 0.008333333333333333 0.01990740740740741
3 0.33125 0.5648148148148148 0.007552083333333333 0.01712962962962963
3 0.7651041666666667 0.8018518518518518 0.015364583333333333 0.021296296296296296
3 0.5822916666666667 0.3351851851851852 0.012239583333333333 0.016203703703703703
1 0.978125 0.5185185185185185 0.015364583333333333 0.013888888888888888
1 0.9588541666666667 0.3337962962962963 0.00546875 0.012962962962962963
1 0.9770833333333333 0.26666666666666666 0.00390625 0.00787037037037037
1 0.978125 0.2462962962962963 0.0033854166666666668 0.008796296296296297
1 0.95625 0.19444444444444445 0.007552083333333333 0.004629629629629629
1 0.9494791666666667 0.17777777777777778 0.00703125 0.005092592592592593
1 0.9875 0.1824074074074074 0.0049479166666666664 0.013425925925925926
1 0.92890625 0.15138888888888888 0.004166666666666667 0.008333333333333333
1 0.9395833333333333 0.11944444444444445 0.004166666666666667 0.010185185185185186
1 0.96328125 0.11435185185185186 0.004166666666666667 0.012962962962962963
1 0.9401041666666666 0.10231481481481482 0.005989583333333334 0.007407407407407408