3 0.31614583333333335 0.5185185185185185 0.01484375 0.03935185185185185
1 0.5744791666666667 0.4898148148148148 0.0328125 0.027777777777777776
1 0.803125 0.4722222222222222 0.015885416666666666 0.04027777777777778
1 0.8104166666666667 0.3907407407407407 0.015885416666666666 0.05185185185185185
1 0.7950520833333333 0.24953703703703703 0.025520833333333333 0.014814814814814815
1 0.8596354166666667 0.4981481481481482 0.028125 0.018055555555555554
1 0.9359375 0.475 0.025520833333333333 0.01898148148148148
1 0.9734375 0.7462962962962963 0.015364583333333333 0.01574074074074074
1 0.9932291666666667 0.5060185185185185 0.013020833333333334 0.03796296296296296
1 0.9927083333333333 0.5407407407407407 0.014322916666666666 0.01898148148148148
1 0.96640625 0.8703703703703703 0.0140625 0.03564814814814815