3 0.34010416666666665 0.6458333333333334 0.013802083333333333 0.04537037037037037
1 0.5760416666666667 0.4759259259259259 0.020572916666666666 0.053703703703703705
1 0.871875 0.2324074074074074 0.027604166666666666 0.020833333333333332
1 0.85625 0.37592592592592594 0.03203125 0.024537037037037038
1 0.9239583333333333 0.3212962962962963 0.027864583333333335 0.025
1 0.8223958333333333 0.5018518518518519 0.02109375 0.037037037037037035
1 0.8825520833333333 0.4925925925925926 0.027083333333333334 0.02175925925925926
1 0.9299479166666667 0.45925925925925926 0.025520833333333333 0.02361111111111111
1 0.9692708333333333 0.48055555555555557 0.013541666666666667 0.05138888888888889
1 0.9760416666666667 0.7444444444444445 0.01484375 0.022685185185185187
1 0.99296875 0.9375 0.013020833333333334 0.022222222222222223