3 0.29322916666666665 0.4009259259259259 0.0125 0.03935185185185185
1 0.5794270833333334 0.4962962962962963 0.028125 0.03657407407407407
1 0.7986979166666667 0.23194444444444445 0.027604166666666666 0.021296296296296296
1 0.803125 0.4356481481481482 0.009114583333333334 0.04259259259259259
1 0.81875 0.375 0.015104166666666667 0.05092592592592592
1 0.8536458333333333 0.4648148148148148 0.01796875 0.04398148148148148
1 0.9088541666666666 0.49907407407407406 0.027604166666666666 0.01712962962962963
1 0.9091145833333333 0.55 0.028125 0.013888888888888888
1 0.9744791666666667 0.4601851851851852 0.02578125 0.01574074074074074
1 0.9661458333333334 0.7333333333333333 0.013541666666666667 0.013425925925925926
1 0.9578125 0.8175925925925925 0.014322916666666666 0.012962962962962963
1 0.9549479166666667 0.8527777777777777 0.016145833333333335 0.013425925925925926
1 0.9911458333333333 0.8851851851851852 0.014583333333333334 0.02546296296296296