3 0.6893229166666667 0.3824074074074074 0.03359375 0.04351851851851852
1 0.33828125 0.07962962962962963 0.029427083333333333 0.02962962962962963
1 0.17265625 0.7027777777777777 0.04791666666666667 0.06712962962962964
1 0.32916666666666666 0.6324074074074074 0.04088541666666667 0.04953703703703704
1 0.5348958333333333 0.7041666666666667 0.05625 0.06018518518518518
1 0.8822916666666667 0.8541666666666666 0.05546875 0.04861111111111111
1 0.9135416666666667 0.6560185185185186 0.04505208333333333 0.05740740740740741
1 0.9794270833333333 0.4537037037037037 0.02578125 0.06759259259259259
1 0.7994791666666666 0.08055555555555556 0.05416666666666667 0.03981481481481482
1 0.24296875 0.20185185185185187 0.042708333333333334 0.033796296296296297
1 0.45338541666666665 0.4476851851851852 0.046875 0.03564814814814815