1 0.54375 0.19074074074074074 0.007552083333333333 0.02361111111111111
1 0.5578125 0.125 0.0171875 0.016666666666666666
1 0.65234375 0.12731481481481483 0.009895833333333333 0.02175925925925926
1 0.690625 0.07407407407407407 0.007552083333333333 0.01574074074074074
1 0.6403645833333333 0.0375 0.010416666666666666 0.01898148148148148
1 0.6041666666666666 0.03009259259259259 0.013541666666666667 0.010648148148148148
1 0.7692708333333333 0.14305555555555555 0.015625 0.022685185185185187
1 0.7934895833333333 0.14166666666666666 0.013020833333333334 0.025925925925925925
1 0.81640625 0.1537037037037037 0.019270833333333334 0.014814814814814815
1 0.8200520833333333 0.10277777777777777 0.011979166666666667 0.02361111111111111
1 0.7940104166666667 0.027314814814814816 0.009375 0.022685185185185187
1 0.51171875 0.09675925925925925 0.009895833333333333 0.025
3 0.71953125 0.2111111111111111 0.016145833333333335 0.012037037037037037
3 0.4513020833333333 0.37222222222222223 0.02421875 0.020833333333333332