3 0.45651041666666664 0.5356481481481481 0.017708333333333333 0.026851851851851852
1 0.47213541666666664 0.09675925925925925 0.01171875 0.08425925925925926
1 0.5549479166666667 0.17777777777777778 0.026822916666666665 0.06342592592592593
1 0.66796875 0.6037037037037037 0.013541666666666667 0.08055555555555556
1 0.6893229166666667 0.6180555555555556 0.0140625 0.0824074074074074
1 0.7111979166666667 0.5064814814814815 0.01640625 0.08287037037037037
1 0.8403645833333333 0.8569444444444444 0.0390625 0.03796296296296296
1 0.6177083333333333 0.4930555555555556 0.012760416666666666 0.07592592592592592
1 0.5138020833333333 0.5814814814814815 0.015364583333333333 0.07361111111111111
1 0.43333333333333335 0.5083333333333333 0.01640625 0.07962962962962963
1 0.3776041666666667 0.4601851851851852 0.02734375 0.05787037037037037
1 0.35390625 0.4078703703703704 0.009895833333333333 0.06481481481481481
1 0.2981770833333333 0.475 0.009635416666666667 0.08009259259259259
1 0.09244791666666667 0.8361111111111111 0.022916666666666665 0.07268518518518519
1 0.20755208333333333 0.850462962962963 0.028385416666666666 0.05