1 0.4734375 0.0962962962962963 0.016927083333333332 0.09351851851851851
1 0.2994791666666667 0.47129629629629627 0.01328125 0.08842592592592592
1 0.09375 0.8361111111111111 0.028385416666666666 0.0837962962962963
1 0.553125 0.17407407407407408 0.029166666666666667 0.0699074074074074
1 0.35494791666666664 0.4097222222222222 0.015104166666666667 0.06666666666666667
1 0.37786458333333334 0.45925925925925926 0.025520833333333333 0.0587962962962963
1 0.43385416666666665 0.5171296296296296 0.021875 0.08333333333333333
1 0.20625 0.8541666666666666 0.025520833333333333 0.07037037037037037
1 0.6166666666666667 0.49166666666666664 0.019270833333333334 0.08009259259259259
1 0.5130208333333334 0.5842592592592593 0.017708333333333333 0.08009259259259259
1 0.7114583333333333 0.5083333333333333 0.021875 0.09351851851851851
1 0.6661458333333333 0.6046296296296296 0.018489583333333334 0.08518518518518518
1 0.6895833333333333 0.6226851851851852 0.019270833333333334 0.09166666666666666
1 0.84140625 0.8569444444444444 0.03854166666666667 0.03333333333333333