1 0.21041666666666667 0.7481481481481481 0.023697916666666666 0.09444444444444444
1 0.5510416666666667 0.15925925925925927 0.013541666666666667 0.0912037037037037
1 0.6005208333333333 0.15787037037037038 0.034375 0.07222222222222222
1 0.3809895833333333 0.4601851851851852 0.02109375 0.08935185185185185
1 0.44192708333333336 0.5203703703703704 0.04088541666666667 0.031018518518518518
1 0.45208333333333334 0.5842592592592593 0.042708333333333334 0.04861111111111111
1 0.5713541666666667 0.7759259259259259 0.04375 0.05324074074074074
1 0.6872395833333333 0.5046296296296297 0.02265625 0.08611111111111111
1 0.7333333333333333 0.6810185185185185 0.020052083333333335 0.09814814814814815
1 0.7622395833333333 0.6625 0.02734375 0.08796296296296297
1 0.7893229166666667 0.5925925925925926 0.019010416666666665 0.08981481481481482
1 0.90625 0.9472222222222222 0.028125 0.0962962962962963
1 0.30572916666666666 0.9060185185185186 0.04375 0.06574074074074074