3 0.26640625 0.2671296296296296 0.007291666666666667 0.014814814814814815
3 0.3182291666666667 0.40370370370370373 0.00703125 0.018055555555555554
1 0.8734375 0.35648148148148145 0.0171875 0.009259259259259259
1 0.9052083333333333 0.3768518518518518 0.00703125 0.013425925925925926
1 0.90390625 0.39305555555555555 0.014583333333333334 0.011111111111111112
1 0.9203125 0.42407407407407405 0.015625 0.00787037037037037
1 0.9739583333333334 0.46435185185185185 0.0046875 0.009259259259259259
1 0.9916666666666667 0.23703703703703705 0.0033854166666666668 0.010648148148148148
1 0.98828125 0.23564814814814813 0.0036458333333333334 0.009259259259259259
1 0.9471354166666667 0.17592592592592593 0.004166666666666667 0.0125
1 0.9744791666666667 0.13240740740740742 0.004427083333333333 0.010185185185185186
1 0.9833333333333333 0.1259259259259259 0.0046875 0.012962962962962963
1 0.8778645833333333 0.22546296296296298 0.0026041666666666665 0.004629629629629629
1 0.8729166666666667 0.21388888888888888 0.00390625 0.008796296296296297
1 0.8796875 0.15925925925925927 0.003125 0.009259259259259259
1 0.8947916666666667 0.1648148148148148 0.002864583333333333 0.0060185185185185185
1 0.8859375 0.14814814814814814 0.0036458333333333334 0.008333333333333333
1 0.8864583333333333 0.11342592592592593 0.005208333333333333 0.006481481481481481
1 0.9078125 0.09537037037037037 0.004166666666666667 0.013425925925925926
1 0.9122395833333333 0.09259259259259259 0.0026041666666666665 0.007407407407407408
1 0.8901041666666667 0.041666666666666664 0.0033854166666666668 0.010185185185185186
1 0.8528645833333334 0.05277777777777778 0.003125 0.008333333333333333
1 0.8661458333333333 0.07037037037037037 0.004427083333333333 0.006944444444444444
1 0.871875 0.032407407407407406 0.0033854166666666668 0.0060185185185185185
1 0.89375 0.0962962962962963 0.006510416666666667 0.004629629629629629