3 0.12473958333333333 0.6138888888888889 0.016145833333333335 0.033796296296296297
3 0.3489583333333333 0.6537037037037037 0.0125 0.024537037037037038
3 0.4479166666666667 0.6726851851851852 0.012760416666666666 0.027777777777777776
3 0.55 0.4583333333333333 0.009114583333333334 0.024537037037037038
3 0.56640625 0.3712962962962963 0.016666666666666666 0.03009259259259259
3 0.5671875 0.8527777777777777 0.009114583333333334 0.027314814814814816
1 0.9169270833333333 0.4337962962962963 0.020833333333333332 0.020370370370370372
1 0.9328125 0.3712962962962963 0.02265625 0.020833333333333332
1 0.8908854166666667 0.4083333333333333 0.0046875 0.00787037037037037
1 0.9046875 0.39351851851851855 0.00625 0.010648148148148148
1 0.8838541666666667 0.25277777777777777 0.00625 0.010648148148148148
1 0.9458333333333333 0.300462962962963 0.0049479166666666664 0.007407407407407408
1 0.7734375 0.19074074074074074 0.005208333333333333 0.010185185185185186
1 0.7859375 0.2013888888888889 0.00546875 0.011111111111111112
1 0.7796875 0.20462962962962963 0.005989583333333334 0.008796296296296297
1 0.7791666666666667 0.19722222222222222 0.00546875 0.009259259259259259
1 0.6807291666666667 0.16203703703703703 0.014583333333333334 0.009722222222222222
1 0.6927083333333334 0.1787037037037037 0.011197916666666667 0.014351851851851852
1 0.7140625 0.19166666666666668 0.013020833333333334 0.011574074074074073
1 0.7125 0.1412037037037037 0.006510416666666667 0.01574074074074074
1 0.6596354166666667 0.06851851851851852 0.0067708333333333336 0.0125
1 0.7057291666666666 0.0787037037037037 0.0067708333333333336 0.010185185185185186
1 0.6921875 0.011111111111111112 0.0046875 0.010648148148148148
1 0.7020833333333333 0.008796296296296297 0.005208333333333333 0.012037037037037037
1 0.6859375 0.004629629629629629 0.00390625 0.008796296296296297
1 0.8044270833333333 0.06388888888888888 0.011979166666666667 0.008796296296296297
1 0.8065104166666667 0.05277777777777778 0.004166666666666667 0.009722222222222222
1 0.8606770833333334 0.09490740740740741 0.005729166666666666 0.013888888888888888
1 0.85390625 0.09305555555555556 0.0046875 0.009259259259259259
1 0.8916666666666667 0.07175925925925926 0.00546875 0.012037037037037037
1 0.8869791666666667 0.02962962962962963 0.006510416666666667 0.010648148148148148
1 0.9354166666666667 0.05740740740740741 0.004427083333333333 0.012037037037037037
1 0.9203125 0.03518518518518519 0.009895833333333333 0.011111111111111112
1 0.9713541666666666 0.09490740740740741 0.006510416666666667 0.01574074074074074
1 0.9755208333333333 0.06111111111111111 0.00703125 0.012962962962962963
1 0.9828125 0.06851851851851852 0.00625 0.009259259259259259
1 0.9869791666666666 0.07407407407407407 0.00546875 0.014351851851851852
1 0.9528645833333333 0.3023148148148148 0.0046875 0.008333333333333333
1 0.9197916666666667 0.24259259259259258 0.00703125 0.005555555555555556