3 0.3177083333333333 0.524074074074074 0.01484375 0.03935185185185185
1 0.5729166666666666 0.4912037037037037 0.032552083333333336 0.026851851851851852
1 0.7950520833333333 0.25092592592592594 0.0265625 0.014351851851851852
1 0.809375 0.38981481481481484 0.017708333333333333 0.04861111111111111
1 0.8033854166666666 0.47314814814814815 0.016666666666666666 0.04027777777777778
1 0.8588541666666667 0.4981481481481482 0.028645833333333332 0.01990740740740741
1 0.9361979166666666 0.475 0.0234375 0.016203703703703703
1 0.9716145833333333 0.7467592592592592 0.016666666666666666 0.021296296296296296
1 0.9604166666666667 0.8810185185185185 0.017447916666666667 0.016666666666666666
1 0.96796875 0.862037037037037 0.0109375 0.025925925925925925
1 0.9932291666666667 0.5050925925925925 0.01328125 0.041666666666666664
1 0.9932291666666667 0.537962962962963 0.013020833333333334 0.01898148148148148