1 0.1203125 0.5361111111111111 0.05026041666666667 0.08842592592592592
1 0.24401041666666667 0.1787037037037037 0.05520833333333333 0.08472222222222223
1 0.3265625 0.12361111111111112 0.03567708333333333 0.04398148148148148
1 0.4440104166666667 0.4583333333333333 0.059375 0.05462962962962963
1 0.2877604166666667 0.6166666666666667 0.059375 0.11666666666666667
1 0.415625 0.7305555555555555 0.049479166666666664 0.08287037037037037
1 0.8307291666666666 0.08657407407407407 0.08776041666666666 0.07453703703703704
1 0.9739583333333334 0.47962962962962963 0.05182291666666667 0.09444444444444444
1 0.8598958333333333 0.8685185185185185 0.06276041666666667 0.08287037037037037
3 0.8080729166666667 0.562037037037037 0.034895833333333334 0.11574074074074074
1 0.88515625 0.6587962962962963 0.0328125 0.12731481481481483