1 0.4734375 0.0912037037037037 0.0125 0.08703703703703704
1 0.1 0.8152777777777778 0.02109375 0.0712962962962963
1 0.30078125 0.45092592592592595 0.010416666666666666 0.08564814814814815
1 0.35520833333333335 0.4222222222222222 0.015625 0.058333333333333334
1 0.5502604166666667 0.16111111111111112 0.028385416666666666 0.06481481481481481
1 0.378125 0.4671296296296296 0.023958333333333335 0.06111111111111111
1 0.434375 0.5416666666666666 0.01171875 0.08657407407407407
1 0.20729166666666668 0.8472222222222222 0.0203125 0.07546296296296297
1 0.6143229166666667 0.48703703703703705 0.012239583333333333 0.075
1 0.83984375 0.8601851851851852 0.03697916666666667 0.0375
1 0.5111979166666667 0.6027777777777777 0.019010416666666665 0.07731481481481481
1 0.7098958333333333 0.5083333333333333 0.017447916666666667 0.08333333333333333
1 0.6854166666666667 0.6268518518518519 0.015364583333333333 0.08425925925925926
1 0.6651041666666667 0.612037037037037 0.0140625 0.08472222222222223