1 0.47421875 0.08981481481481482 0.014583333333333334 0.09027777777777778
1 0.5484375 0.1527777777777778 0.029166666666666667 0.06296296296296296
1 0.3 0.44675925925925924 0.010416666666666666 0.0824074074074074
1 0.10364583333333334 0.8 0.022135416666666668 0.07268518518518519
1 0.20911458333333333 0.8453703703703703 0.020572916666666666 0.07407407407407407
1 0.3575520833333333 0.4356481481481482 0.016927083333333332 0.05740740740740741
1 0.37864583333333335 0.4777777777777778 0.02265625 0.06111111111111111
1 0.43463541666666666 0.5606481481481481 0.01484375 0.08425925925925926
1 0.5111979166666667 0.6166666666666667 0.015625 0.0763888888888889
1 0.6143229166666667 0.48148148148148145 0.011197916666666667 0.0787037037037037
1 0.7091145833333333 0.5064814814814815 0.019010416666666665 0.08564814814814815
1 0.6627604166666666 0.6166666666666667 0.015625 0.08101851851851852
1 0.6841145833333333 0.6268518518518519 0.015364583333333333 0.08425925925925926
1 0.83828125 0.8648148148148148 0.03828125 0.04212962962962963