1 0.12786458333333334 0.7583333333333333 0.0203125 0.07037037037037037
1 0.22890625 0.8277777777777777 0.026302083333333334 0.04675925925925926
1 0.31953125 0.45 0.009895833333333333 0.07916666666666666
1 0.37864583333333335 0.4634259259259259 0.026302083333333334 0.049074074074074076
1 0.39348958333333334 0.5194444444444445 0.026822916666666665 0.060648148148148145
1 0.44036458333333334 0.6777777777777778 0.011197916666666667 0.07407407407407407
1 0.5122395833333333 0.6990740740740741 0.01484375 0.07453703703703704
1 0.48932291666666666 0.1175925925925926 0.01328125 0.08472222222222223
1 0.5557291666666667 0.15 0.029427083333333333 0.06111111111111111
1 0.6309895833333333 0.4689814814814815 0.010416666666666666 0.07592592592592592
1 0.7286458333333333 0.5055555555555555 0.015104166666666667 0.08333333333333333
1 0.6721354166666667 0.6273148148148148 0.017708333333333333 0.07777777777777778
1 0.69453125 0.6268518518518519 0.015104166666666667 0.08101851851851852
1 0.83984375 0.8694444444444445 0.01875 0.07222222222222222