3 0.5036458333333333 0.5587962962962963 0.0078125 0.04351851851851852
1 0.37786458333333334 0.4564814814814815 0.011979166666666667 0.08009259259259259
1 0.4390625 0.5148148148148148 0.03619791666666667 0.03564814814814815
1 0.4505208333333333 0.5712962962962963 0.03515625 0.044444444444444446
1 0.546875 0.15833333333333333 0.01171875 0.08425925925925926
1 0.5963541666666666 0.16203703703703703 0.026041666666666668 0.0625
1 0.7302083333333333 0.675 0.012760416666666666 0.07916666666666666
1 0.7578125 0.6555555555555556 0.013541666666666667 0.08055555555555556
1 0.7856770833333333 0.5884259259259259 0.019010416666666665 0.08518518518518518
1 0.3020833333333333 0.9055555555555556 0.03828125 0.04814814814814815
1 0.20442708333333334 0.7453703703703703 0.019791666666666666 0.0763888888888889
1 0.6864583333333333 0.5046296296296297 0.011197916666666667 0.07592592592592592
1 0.5697916666666667 0.7782407407407408 0.03567708333333333 0.02962962962962963
1 0.9057291666666667 0.9527777777777777 0.016666666666666666 0.06944444444444445