3 0.5083333333333333 0.5518518518518518 0.016145833333333335 0.05324074074074074
1 0.38619791666666664 0.44907407407407407 0.0140625 0.0837962962962963
1 0.5484375 0.14537037037037037 0.012760416666666666 0.08194444444444444
1 0.221875 0.7319444444444444 0.013802083333333333 0.08611111111111111
1 0.5916666666666667 0.1398148148148148 0.03359375 0.07962962962962963
1 0.6901041666666666 0.4888888888888889 0.01875 0.09027777777777778
1 0.5744791666666667 0.7837962962962963 0.032552083333333336 0.075
1 0.44427083333333334 0.524074074074074 0.03984375 0.059722222222222225
1 0.45546875 0.6 0.04296875 0.046296296296296294
1 0.3265625 0.9009259259259259 0.030208333333333334 0.08842592592592592
1 0.7338541666666667 0.7064814814814815 0.022135416666666668 0.09259259259259259
1 0.7924479166666667 0.5888888888888889 0.02109375 0.08611111111111111
1 0.7557291666666667 0.6680555555555555 0.029166666666666667 0.09444444444444444
1 0.91796875 0.9722222222222222 0.027864583333333335 0.05416666666666667