3 0.51171875 0.5305555555555556 0.013541666666666667 0.03611111111111111
1 0.4453125 0.5296296296296297 0.034895833333333334 0.03564814814814815
1 0.38671875 0.425 0.011197916666666667 0.08148148148148149
1 0.5408854166666667 0.14166666666666666 0.014322916666666666 0.08611111111111111
1 0.5794270833333334 0.12685185185185185 0.028645833333333332 0.06157407407407407
1 0.6903645833333333 0.46805555555555556 0.011197916666666667 0.07777777777777778
1 0.7546875 0.6342592592592593 0.01640625 0.08101851851851852
1 0.79140625 0.5814814814814815 0.015625 0.08472222222222223
1 0.7286458333333333 0.7037037037037037 0.017708333333333333 0.08333333333333333
1 0.5794270833333334 0.812962962962963 0.019791666666666666 0.0763888888888889
1 0.4549479166666667 0.6046296296296296 0.03697916666666667 0.037037037037037035
1 0.2109375 0.7546296296296297 0.024479166666666666 0.0699074074074074
1 0.3299479166666667 0.8916666666666667 0.016927083333333332 0.07731481481481481