3 0.5130208333333334 0.5337962962962963 0.014322916666666666 0.027777777777777776
1 0.5729166666666666 0.1439814814814815 0.027083333333333334 0.06111111111111111
1 0.5375 0.16018518518518518 0.015625 0.08564814814814815
1 0.38515625 0.42592592592592593 0.0109375 0.08055555555555556
1 0.5794270833333334 0.8379629629629629 0.025520833333333333 0.06157407407407407
1 0.7515625 0.6319444444444444 0.015104166666666667 0.08148148148148149
1 0.7864583333333334 0.6037037037037037 0.019791666666666666 0.08287037037037037
1 0.6877604166666667 0.48703703703703705 0.01015625 0.07731481481481481
1 0.44375 0.5481481481481482 0.034895833333333334 0.034722222222222224
1 0.45390625 0.625 0.03802083333333333 0.02638888888888889
1 0.3296875 0.9101851851851852 0.020052083333333335 0.08009259259259259
1 0.20338541666666668 0.7972222222222223 0.042708333333333334 0.029166666666666667