3 0.5098958333333333 0.562037037037037 0.021354166666666667 0.033796296296296297
1 0.6815104166666667 0.525 0.011197916666666667 0.07824074074074074
1 0.37734375 0.45555555555555555 0.009895833333333333 0.08148148148148149
1 0.4395833333333333 0.5842592592592593 0.03515625 0.03518518518518519
1 0.4552083333333333 0.6625 0.039322916666666666 0.02962962962962963
1 0.5794270833333334 0.8805555555555555 0.039322916666666666 0.027777777777777776
1 0.7434895833333334 0.6592592592592592 0.016666666666666666 0.0824074074074074
1 0.7236979166666667 0.7592592592592593 0.0203125 0.07962962962962963
1 0.7838541666666666 0.6518518518518519 0.016666666666666666 0.08287037037037037
1 0.20598958333333334 0.8643518518518518 0.02265625 0.07777777777777778
1 0.33359375 0.9430555555555555 0.025 0.062037037037037036
1 0.5322916666666667 0.19537037037037036 0.011458333333333333 0.08425925925925926
1 0.5671875 0.1824074074074074 0.028385416666666666 0.0625