3 0.5140625 0.5611111111111111 0.009895833333333333 0.03935185185185185
1 0.440625 0.5916666666666667 0.03333333333333333 0.0412037037037037
1 0.4578125 0.6685185185185185 0.039322916666666666 0.029166666666666667
1 0.37447916666666664 0.4689814814814815 0.01015625 0.0824074074074074
1 0.52578125 0.19722222222222222 0.014322916666666666 0.0875
1 0.5598958333333334 0.1814814814814815 0.02890625 0.06111111111111111
1 0.68046875 0.5018518518518519 0.009635416666666667 0.0763888888888889
1 0.74296875 0.6300925925925925 0.017447916666666667 0.0824074074074074
1 0.7875 0.625 0.01640625 0.08287037037037037
1 0.7286458333333333 0.7398148148148148 0.013541666666666667 0.08055555555555556
1 0.58984375 0.8787037037037037 0.03958333333333333 0.029166666666666667
1 0.34869791666666666 0.9685185185185186 0.03333333333333333 0.03425925925925926
1 0.21848958333333332 0.8902777777777777 0.011458333333333333 0.0787037037037037