1 0.22421875 0.9268518518518518 0.014322916666666666 0.07731481481481481
1 0.35703125 0.9722222222222222 0.034375 0.022222222222222223
1 0.5934895833333333 0.8796296296296297 0.028125 0.06712962962962964
1 0.7294270833333333 0.7111111111111111 0.01484375 0.08009259259259259
1 0.7854166666666667 0.5953703703703703 0.02265625 0.08101851851851852
1 0.7455729166666667 0.5800925925925926 0.015885416666666666 0.08148148148148149
1 0.68203125 0.4740740740740741 0.010416666666666666 0.07731481481481481
1 0.45807291666666666 0.675 0.040364583333333336 0.02824074074074074
1 0.440625 0.6027777777777777 0.030729166666666665 0.047685185185185185
1 0.378125 0.47638888888888886 0.010416666666666666 0.08148148148148149
1 0.5203125 0.20925925925925926 0.015364583333333333 0.08657407407407407
1 0.5567708333333333 0.2037037037037037 0.029166666666666667 0.0587962962962963