3 0.5177083333333333 0.5435185185185185 0.009375 0.03611111111111111
3 0.4513020833333333 0.025 0.019791666666666666 0.022685185185185187
1 0.515625 0.24074074074074073 0.0140625 0.0837962962962963
1 0.5526041666666667 0.2361111111111111 0.021875 0.06898148148148148
1 0.6822916666666666 0.48148148148148145 0.009895833333333333 0.07592592592592592
1 0.7411458333333333 0.5680555555555555 0.015364583333333333 0.08055555555555556
1 0.7841145833333333 0.5981481481481481 0.021354166666666667 0.07916666666666666
1 0.72578125 0.7092592592592593 0.0140625 0.08009259259259259
1 0.590625 0.8898148148148148 0.03411458333333333 0.05648148148148148
1 0.3536458333333333 0.9740740740740741 0.03411458333333333 0.02638888888888889
1 0.22526041666666666 0.9611111111111111 0.0140625 0.07592592592592592
1 0.4578125 0.6907407407407408 0.04088541666666667 0.02546296296296296
1 0.44036458333333334 0.6212962962962963 0.031510416666666666 0.04675925925925926
1 0.378125 0.48564814814814816 0.009895833333333333 0.0824074074074074