3 0.44114583333333335 0.056018518518518516 0.029166666666666667 0.04351851851851852
1 0.3731770833333333 0.5180555555555556 0.01328125 0.08518518518518518
1 0.5130208333333334 0.2759259259259259 0.017708333333333333 0.09027777777777778
1 0.5484375 0.2712962962962963 0.0203125 0.08009259259259259
1 0.4375 0.6620370370370371 0.030729166666666665 0.05324074074074074
1 0.4557291666666667 0.7268518518518519 0.0421875 0.03657407407407407
1 0.68046875 0.537962962962963 0.016666666666666666 0.09166666666666666
1 0.58671875 0.9143518518518519 0.040625 0.04351851851851852
1 0.7377604166666667 0.5907407407407408 0.023697916666666666 0.08842592592592592
1 0.7205729166666667 0.7319444444444444 0.02109375 0.08703703703703704
1 0.78125 0.6342592592592593 0.022916666666666665 0.08518518518518518