3 0.4080729166666667 0.13425925925925927 0.029166666666666667 0.04351851851851852
3 0.5067708333333333 0.6578703703703703 0.020052083333333335 0.05185185185185185
1 0.5013020833333334 0.35185185185185186 0.023697916666666666 0.10231481481481482
1 0.5403645833333334 0.3472222222222222 0.03229166666666667 0.10092592592592593
1 0.3640625 0.600925925925926 0.018229166666666668 0.08657407407407407
1 0.4309895833333333 0.7675925925925926 0.03671875 0.06620370370370371
1 0.4513020833333333 0.8416666666666667 0.046875 0.05
1 0.6690104166666667 0.6458333333333334 0.025520833333333333 0.1111111111111111
1 0.7130208333333333 0.8439814814814814 0.03125 0.10740740740740741
1 0.7239583333333334 0.6768518518518518 0.02734375 0.10046296296296296
1 0.7755208333333333 0.7611111111111111 0.03359375 0.08518518518518518