3 0.40572916666666664 0.2064814814814815 0.020572916666666666 0.022685185185185187
3 0.540625 0.6861111111111111 0.013802083333333333 0.038425925925925926
1 0.5296875 0.40370370370370373 0.015625 0.08611111111111111
1 0.56640625 0.4 0.019791666666666666 0.07453703703703704
1 0.7002604166666667 0.7314814814814815 0.020833333333333332 0.07222222222222222
1 0.7403645833333333 0.6763888888888889 0.021614583333333333 0.08333333333333333
1 0.8075520833333333 0.8439814814814814 0.01875 0.08333333333333333
1 0.7450520833333333 0.9111111111111111 0.022135416666666668 0.07824074074074074
1 0.48072916666666665 0.9259259259259259 0.041666666666666664 0.02546296296296296
1 0.46145833333333336 0.85 0.03046875 0.046296296296296294
1 0.396875 0.6388888888888888 0.01171875 0.08287037037037037