3 0.4083333333333333 0.21203703703703702 0.026041666666666668 0.04953703703703704
3 0.5466145833333333 0.6814814814814815 0.029166666666666667 0.04953703703703704
1 0.40260416666666665 0.6444444444444445 0.01953125 0.1037037037037037
1 0.534375 0.41388888888888886 0.016927083333333332 0.09166666666666666
1 0.57265625 0.4111111111111111 0.026041666666666668 0.0763888888888889
1 0.46770833333333334 0.8578703703703704 0.03515625 0.05185185185185185
1 0.48671875 0.9384259259259259 0.046875 0.044444444444444446
1 0.7059895833333333 0.7296296296296296 0.02734375 0.0912037037037037
1 0.7463541666666667 0.6777777777777778 0.03515625 0.08657407407407407
1 0.7528645833333333 0.9175925925925926 0.03515625 0.09166666666666666
1 0.8153645833333333 0.8555555555555555 0.02734375 0.10648148148148148