3 0.42916666666666664 0.26944444444444443 0.0203125 0.022222222222222223
1 0.5802083333333333 0.7379629629629629 0.019270833333333334 0.02962962962962963
1 0.43359375 0.6949074074074074 0.012760416666666666 0.08148148148148149
1 0.5015625 0.9226851851851852 0.03307291666666667 0.03888888888888889
1 0.5216145833333333 0.9930555555555556 0.039322916666666666 0.012037037037037037
1 0.7877604166666666 0.9666666666666667 0.02109375 0.06527777777777778
1 0.8494791666666667 0.9175925925925926 0.01953125 0.08611111111111111
1 0.7385416666666667 0.8046296296296296 0.02265625 0.07037037037037037
1 0.7760416666666666 0.7018518518518518 0.01640625 0.08425925925925926
1 0.6020833333333333 0.46944444444444444 0.018489583333333334 0.07453703703703704
1 0.5658854166666667 0.46574074074074073 0.015104166666666667 0.08564814814814815