1 0.928125 0.7074074074074074 0.020052083333333335 0.024074074074074074
1 0.9119791666666667 0.7240740740740741 0.013802083333333333 0.01898148148148148
1 0.9104166666666667 0.7518518518518519 0.019270833333333334 0.022685185185185187
1 0.9322916666666666 0.7421296296296296 0.021614583333333333 0.018518518518518517
1 0.6041666666666666 0.2537037037037037 0.012239583333333333 0.02361111111111111
1 0.6528645833333333 0.2101851851851852 0.0078125 0.016203703703703703
1 0.5794270833333334 0.2064814814814815 0.008333333333333333 0.01574074074074074
1 0.5635416666666667 0.12962962962962962 0.007552083333333333 0.02175925925925926
1 0.5567708333333333 0.1361111111111111 0.005989583333333334 0.015277777777777777
1 0.5651041666666666 0.15833333333333333 0.006510416666666667 0.01712962962962963
1 0.5578125 0.16203703703703703 0.0078125 0.016203703703703703