3 0.3651041666666667 0.4648148148148148 0.011458333333333333 0.013888888888888888
1 0.8421875 0.6694444444444444 0.011979166666666667 0.03287037037037037
1 0.97890625 0.6138888888888889 0.008333333333333333 0.0125
1 0.9854166666666667 0.6185185185185185 0.00546875 0.009259259259259259
1 0.7625 0.44305555555555554 0.00703125 0.018518518518518517
1 0.8328125 0.425462962962963 0.00703125 0.014814814814814815
1 0.8700520833333333 0.46296296296296297 0.015625 0.014814814814814815
1 0.88515625 0.42268518518518516 0.019791666666666666 0.021296296296296296
1 0.5221354166666666 0.22777777777777777 0.0140625 0.012037037037037037
1 0.5497395833333333 0.23055555555555557 0.00625 0.013888888888888888
1 0.5502604166666667 0.24351851851851852 0.011979166666666667 0.012037037037037037
1 0.5622395833333333 0.26435185185185184 0.0140625 0.011111111111111112
1 0.6078125 0.2722222222222222 0.00625 0.009259259259259259
1 0.6546875 0.25416666666666665 0.013020833333333334 0.014814814814814815
1 0.5078125 0.10833333333333334 0.004166666666666667 0.008333333333333333
1 0.5059895833333333 0.06481481481481481 0.004166666666666667 0.010185185185185186
1 0.51640625 0.062037037037037036 0.0046875 0.00787037037037037
1 0.5078125 0.024074074074074074 0.00546875 0.010648148148148148
1 0.55703125 0.05740740740740741 0.0046875 0.012037037037037037
1 0.5958333333333333 0.08611111111111111 0.00234375 0.006944444444444444
1 0.5984375 0.08703703703703704 0.002864583333333333 0.006944444444444444
1 0.7010416666666667 0.15648148148148147 0.00390625 0.0125
1 0.7559895833333333 0.15185185185185185 0.0046875 0.015277777777777777
1 0.7609375 0.1527777777777778 0.005989583333333334 0.015277777777777777
1 0.7713541666666667 0.1597222222222222 0.004427083333333333 0.017592592592592594
1 0.7966145833333333 0.07685185185185185 0.0026041666666666665 0.00787037037037037
1 0.7536458333333333 0.08009259259259259 0.00546875 0.008333333333333333
1 0.7885416666666667 0.0712962962962963 0.005729166666666666 0.009722222222222222
1 0.9833333333333333 0.22407407407407406 0.0033854166666666668 0.00787037037037037
1 0.9734375 0.21944444444444444 0.004166666666666667 0.006944444444444444
1 0.8932291666666666 0.24722222222222223 0.007552083333333333 0.016666666666666666
1 0.6776041666666667 0.059722222222222225 0.0033854166666666668 0.009259259259259259
1 0.6354166666666666 0.049074074074074076 0.0033854166666666668 0.010648148148148148
1 0.7588541666666667 0.1537037037037037 0.0015625 0.000462962962962963
0 0.7729166666666667 0.15648148148148147 0.0049479166666666664 0.001388888888888889