3 0.11458333333333333 0.625 0.015885416666666666 0.022222222222222223
3 0.3515625 0.6416666666666667 0.013541666666666667 0.020833333333333332
3 0.4432291666666667 0.6828703703703703 0.012239583333333333 0.024074074074074074
3 0.5682291666666667 0.36203703703703705 0.009895833333333333 0.016203703703703703
3 0.54375 0.44722222222222224 0.009114583333333334 0.016203703703703703
1 0.9208333333333333 0.4324074074074074 0.016666666666666666 0.014351851851851852
1 0.91953125 0.4388888888888889 0.015625 0.00787037037037037
1 0.8908854166666667 0.4111111111111111 0.0046875 0.006481481481481481
1 0.9033854166666667 0.4 0.005208333333333333 0.010185185185185186
1 0.9338541666666667 0.37222222222222223 0.019010416666666665 0.0125
1 0.9515625 0.300462962962963 0.0026041666666666665 0.007407407407407408
1 0.9453125 0.300462962962963 0.0046875 0.008333333333333333
1 0.8510416666666667 0.09074074074074075 0.00390625 0.00787037037037037
1 0.8578125 0.09259259259259259 0.0033854166666666668 0.011574074074074073
1 0.8091145833333333 0.053703703703703705 0.00625 0.005092592592592593
1 0.8708333333333333 0.07916666666666666 0.003125 0.010185185185185186
1 0.8 0.0625 0.009635416666666667 0.009259259259259259
1 0.8854166666666666 0.24722222222222223 0.0033854166666666668 0.008796296296296297
1 0.7708333333333334 0.1912037037037037 0.00390625 0.008333333333333333
1 0.7841145833333333 0.19907407407407407 0.003125 0.008796296296296297
1 0.7783854166666667 0.20462962962962963 0.003125 0.010648148148148148
1 0.7770833333333333 0.19768518518518519 0.004427083333333333 0.010185185185185186
1 0.6859375 0.005555555555555556 0.003125 0.009259259259259259
1 0.69140625 0.010185185185185186 0.0020833333333333333 0.009722222222222222
1 0.6994791666666667 0.008333333333333333 0.0026041666666666665 0.010648148148148148
1 0.65625 0.06620370370370371 0.004427083333333333 0.010185185185185186
1 0.7109375 0.13796296296296295 0.00546875 0.0125
1 0.6770833333333334 0.16203703703703703 0.012760416666666666 0.0060185185185185185
1 0.6908854166666667 0.17824074074074073 0.009895833333333333 0.009259259259259259
1 0.71015625 0.18888888888888888 0.011458333333333333 0.00787037037037037