3 0.3020833333333333 0.4648148148148148 0.01328125 0.0412037037037037
1 0.575 0.49166666666666664 0.031510416666666666 0.031018518518518518
1 0.7979166666666667 0.24166666666666667 0.028645833333333332 0.017592592592592594
1 0.81640625 0.38333333333333336 0.017708333333333333 0.047685185185185185
1 0.8005208333333333 0.45185185185185184 0.010677083333333334 0.04814814814814815
1 0.8609375 0.4837962962962963 0.02890625 0.017592592592592594
1 0.9666666666666667 0.4638888888888889 0.022395833333333334 0.013425925925925926
1 0.9895833333333334 0.5402777777777777 0.0203125 0.012037037037037037
1 0.9815104166666667 0.7398148148148148 0.0140625 0.014814814814814815
1 0.9893229166666667 0.8546296296296296 0.010416666666666666 0.022685185185185187
1 0.9713541666666666 0.8407407407407408 0.0078125 0.02361111111111111