3 0.2833333333333333 0.35 0.01171875 0.03935185185185185
1 0.7854166666666667 0.2310185185185185 0.026302083333333334 0.012962962962962963
1 0.58046875 0.5046296296296297 0.011458333333333333 0.05740740740740741
1 0.80546875 0.37546296296296294 0.009895833333333333 0.05
1 0.7885416666666667 0.42314814814814816 0.007552083333333333 0.04675925925925926
1 0.8390625 0.46944444444444444 0.025260416666666667 0.020833333333333332
1 0.8484375 0.49722222222222223 0.025260416666666667 0.015277777777777777
1 0.9833333333333333 0.4699074074074074 0.020052083333333335 0.01574074074074074
1 0.8421875 0.5601851851851852 0.026822916666666665 0.018055555555555554
1 0.9625 0.7337962962962963 0.014322916666666666 0.018518518518518517
1 0.9606770833333333 0.812037037037037 0.010416666666666666 0.021296296296296296
1 0.9333333333333333 0.8518518518518519 0.00859375 0.024537037037037038