3 0.34270833333333334 0.6171296296296296 0.013802083333333333 0.04537037037037037
1 0.5776041666666667 0.487962962962963 0.03203125 0.044444444444444446
1 0.84375 0.24537037037037038 0.027604166666666666 0.020833333333333332
1 0.8166666666666667 0.3972222222222222 0.03203125 0.024537037037037038
1 0.9348958333333334 0.3212962962962963 0.03125 0.02546296296296296
1 0.8130208333333333 0.5050925925925925 0.02109375 0.037037037037037035
1 0.8640625 0.5046296296296297 0.027083333333333334 0.02175925925925926
1 0.9166666666666666 0.4875 0.019010416666666665 0.04351851851851852
1 0.971875 0.5013888888888889 0.015885416666666666 0.04259259259259259
1 0.9682291666666667 0.7509259259259259 0.01015625 0.01990740740740741
1 0.9833333333333333 0.8768518518518519 0.020052083333333335 0.011111111111111112
1 0.9942708333333333 0.8578703703703704 0.0109375 0.018518518518518517
1 0.9947916666666666 0.9435185185185185 0.009895833333333333 0.02546296296296296