3 0.29609375 0.4166666666666667 0.011979166666666667 0.03564814814814815
1 0.7979166666666667 0.2361111111111111 0.028645833333333332 0.017592592592592594
1 0.5807291666666666 0.49537037037037035 0.03203125 0.022685185185185187
1 0.8041666666666667 0.44074074074074077 0.010677083333333334 0.04490740740740741
1 0.8192708333333333 0.37824074074074077 0.01328125 0.049074074074074076
1 0.8572916666666667 0.46435185185185185 0.009114583333333334 0.04537037037037037
1 0.9385416666666667 0.49907407407407406 0.028125 0.015277777777777777
1 0.9401041666666666 0.5481481481481482 0.026822916666666665 0.015277777777777777
1 0.9692708333333333 0.46111111111111114 0.024739583333333332 0.013425925925925926
1 0.965625 0.7337962962962963 0.011458333333333333 0.013888888888888888
1 0.9916666666666667 0.8787037037037037 0.014583333333333334 0.014814814814814815
1 0.9591145833333333 0.8245370370370371 0.010416666666666666 0.016666666666666666
1 0.9619791666666667 0.8564814814814815 0.018489583333333334 0.0125