1 0.11015625 0.5555555555555556 0.027083333333333334 0.12824074074074074
1 0.25390625 0.18518518518518517 0.04375 0.08287037037037037
1 0.3484375 0.08055555555555556 0.05859375 0.06666666666666667
1 0.4557291666666667 0.4476851851851852 0.07760416666666667 0.05555555555555555
1 0.31692708333333336 0.6314814814814815 0.07604166666666666 0.047685185185185185
1 0.5229166666666667 0.7060185185185185 0.084375 0.06388888888888888
1 0.81875 0.07083333333333333 0.06145833333333333 0.0824074074074074
1 0.9700520833333334 0.45185185185185184 0.05911458333333333 0.12268518518518519
1 0.8888020833333333 0.6578703703703703 0.08411458333333334 0.08564814814814815
1 0.8716145833333333 0.8527777777777777 0.07057291666666667 0.05555555555555555
3 0.7736979166666667 0.4111111111111111 0.0703125 0.10092592592592593