1 0.5216145833333333 0.4125 0.042708333333333334 0.10833333333333334
1 0.67265625 0.18194444444444444 0.07916666666666666 0.06157407407407407
1 0.9330729166666667 0.11527777777777778 0.027083333333333334 0.06157407407407407
3 0.3614583333333333 0.675 0.17838541666666666 0.10555555555555556
1 0.7950520833333333 0.04953703703703704 0.00546875 0.03935185185185185
1 0.7455729166666667 0.06157407407407407 0.0125 0.020833333333333332
1 0.6700520833333333 0.06944444444444445 0.0078125 0.01574074074074074
1 0.6559895833333333 0.06481481481481481 0.009114583333333334 0.013888888888888888
1 0.7046875 0.03796296296296296 0.0049479166666666664 0.019444444444444445
1 0.72421875 0.038425925925925926 0.0078125 0.028703703703703703
1 0.8526041666666667 0.05462962962962963 0.01328125 0.03148148148148148
1 0.8984375 0.06898148148148148 0.009635416666666667 0.02546296296296296
1 0.82734375 0.06527777777777778 0.00546875 0.029166666666666667