3 0.5197916666666667 0.4898148148148148 0.015364583333333333 0.03564814814814815
2 0.6760416666666667 0.7439814814814815 0.019270833333333334 0.032407407407407406
2 0.24895833333333334 0.6268518518518519 0.031510416666666666 0.0412037037037037
2 0.25729166666666664 0.5930555555555556 0.02578125 0.026851851851851852
2 0.38723958333333336 0.41203703703703703 0.022916666666666665 0.03564814814814815
2 0.3796875 0.42685185185185187 0.02109375 0.03935185185185185
2 0.10364583333333334 0.300462962962963 0.017447916666666667 0.011111111111111112
2 0.11015625 0.32175925925925924 0.013541666666666667 0.014814814814814815
2 0.08723958333333333 0.337037037037037 0.028125 0.02546296296296296
2 0.08229166666666667 0.350462962962963 0.019270833333333334 0.020370370370370372
2 0.07604166666666666 0.31805555555555554 0.030989583333333334 0.018518518518518517
