3 0.5140625 0.49074074074074076 0.0125 0.030555555555555555
2 0.09739583333333333 0.31342592592592594 0.012239583333333333 0.008333333333333333
2 0.10651041666666666 0.34074074074074073 0.013020833333333334 0.015277777777777777
2 0.06848958333333334 0.3333333333333333 0.021875 0.007407407407407408
2 0.08229166666666667 0.35462962962962963 0.027083333333333334 0.018055555555555554
2 0.07916666666666666 0.3680555555555556 0.017708333333333333 0.012962962962962963
2 0.25677083333333334 0.6134259259259259 0.015364583333333333 0.020370370370370372
2 0.2515625 0.6509259259259259 0.026041666666666668 0.03287037037037037
2 0.6825520833333333 0.7643518518518518 0.026041666666666668 0.027777777777777776
2 0.38776041666666666 0.42268518518518516 0.019791666666666666 0.032407407407407406
2 0.3815104166666667 0.4361111111111111 0.023958333333333335 0.03148148148148148
