3 0.4591145833333333 0.5458333333333333 0.023697916666666666 0.025925925925925925
1 0.2947916666666667 0.49907407407407406 0.01640625 0.10046296296296296
1 0.3536458333333333 0.4083333333333333 0.009895833333333333 0.06898148148148148
1 0.378125 0.4648148148148148 0.0265625 0.060648148148148145
1 0.5598958333333334 0.18703703703703703 0.03203125 0.06527777777777778
1 0.4713541666666667 0.09537037037037037 0.015625 0.10046296296296296
1 0.09244791666666667 0.8444444444444444 0.019270833333333334 0.07824074074074074
1 0.21067708333333332 0.8416666666666667 0.03463541666666667 0.027777777777777776
1 0.42864583333333334 0.4898148148148148 0.020052083333333335 0.09351851851851851
1 0.61953125 0.4981481481481482 0.016666666666666666 0.08333333333333333
1 0.5153645833333333 0.5666666666666667 0.021354166666666667 0.07453703703703704
1 0.71484375 0.4925925925925926 0.021875 0.09166666666666666
1 0.8369791666666667 0.8527777777777777 0.03828125 0.04675925925925926
1 0.66796875 0.6050925925925926 0.012760416666666666 0.09537037037037037
1 0.68828125 0.6111111111111112 0.014322916666666666 0.09027777777777778
