3 0.4596354166666667 0.5402777777777777 0.021875 0.032407407407407406
1 0.29661458333333335 0.4787037037037037 0.021354166666666667 0.09675925925925925
1 0.47239583333333335 0.09907407407407408 0.01640625 0.08101851851851852
1 0.56015625 0.18981481481481483 0.03723958333333333 0.08472222222222223
1 0.35546875 0.40694444444444444 0.017447916666666667 0.07777777777777778
1 0.3809895833333333 0.4666666666666667 0.03177083333333333 0.07222222222222222
1 0.43359375 0.5027777777777778 0.022916666666666665 0.08657407407407407
1 0.5171875 0.575 0.024739583333333332 0.09305555555555556
1 0.090625 0.8453703703703703 0.03125 0.0912037037037037
1 0.209375 0.8518518518518519 0.035416666666666666 0.06342592592592593
1 0.6200520833333333 0.49907407407407406 0.020833333333333332 0.08935185185185185
1 0.7143229166666667 0.5046296296296297 0.0328125 0.08981481481481482
1 0.6692708333333334 0.6092592592592593 0.017447916666666667 0.09861111111111111
1 0.6916666666666667 0.6189814814814815 0.020052083333333335 0.08796296296296297
1 0.8416666666666667 0.8462962962962963 0.04895833333333333 0.05
