1 0.47421875 0.09351851851851851 0.013541666666666667 0.08564814814814815
1 0.5518229166666667 0.16805555555555557 0.027083333333333334 0.062037037037037036
1 0.3 0.4601851851851852 0.01015625 0.08101851851851852
1 0.3536458333333333 0.4134259259259259 0.012760416666666666 0.062037037037037036
1 0.378125 0.45925925925925926 0.026302083333333334 0.05925925925925926
1 0.43307291666666664 0.525 0.0109375 0.07962962962962963
1 0.51171875 0.5907407407407408 0.019270833333333334 0.07222222222222222
1 0.6140625 0.48842592592592593 0.01484375 0.07592592592592592
1 0.7078125 0.5069444444444444 0.0203125 0.08148148148148149
1 0.6875 0.6222222222222222 0.016927083333333332 0.08194444444444444
1 0.6666666666666666 0.6064814814814815 0.013541666666666667 0.08055555555555556
1 0.8401041666666667 0.8550925925925926 0.040364583333333336 0.024074074074074074
1 0.20625 0.8481481481481481 0.020833333333333332 0.06759259259259259
1 0.09453125 0.8268518518518518 0.026822916666666665 0.07222222222222222
