1 0.475 0.0912037037037037 0.016666666666666666 0.08796296296296297
1 0.5494791666666666 0.15694444444444444 0.02734375 0.062037037037037036
1 0.8393229166666667 0.8606481481481482 0.03854166666666667 0.03333333333333333
1 0.7083333333333334 0.5074074074074074 0.019791666666666666 0.08287037037037037
1 0.6643229166666667 0.6129629629629629 0.013541666666666667 0.08194444444444444
1 0.68515625 0.6273148148148148 0.01484375 0.08333333333333333
1 0.5106770833333333 0.6092592592592593 0.015364583333333333 0.07361111111111111
1 0.43411458333333336 0.55 0.016927083333333332 0.07916666666666666
1 0.37864583333333335 0.4699074074074074 0.025260416666666667 0.06018518518518518
1 0.35572916666666665 0.42824074074074076 0.014322916666666666 0.053703703703703705
1 0.30026041666666664 0.4476851851851852 0.009635416666666667 0.08055555555555556
1 0.20807291666666666 0.8458333333333333 0.018489583333333334 0.07314814814814814
1 0.10208333333333333 0.8069444444444445 0.022395833333333334 0.07037037037037037
1 0.6135416666666667 0.4842592592592593 0.010416666666666666 0.0763888888888889