1 0.1125 0.7805555555555556 0.024739583333333332 0.07314814814814814
1 0.21796875 0.8384259259259259 0.023958333333333335 0.06481481481481481
1 0.3065104166666667 0.4527777777777778 0.0109375 0.07916666666666666
1 0.3653645833333333 0.4546296296296296 0.021875 0.055092592592592596
1 0.38385416666666666 0.5018518518518519 0.024739583333333332 0.0625
1 0.48020833333333335 0.09675925925925925 0.01171875 0.08981481481481482
1 0.5513020833333333 0.14629629629629629 0.027604166666666666 0.06388888888888888
1 0.4354166666666667 0.6092592592592593 0.016145833333333335 0.08101851851851852
1 0.5119791666666667 0.649074074074074 0.016927083333333332 0.07546296296296297
1 0.6205729166666667 0.4759259259259259 0.009895833333333333 0.0763888888888889
1 0.7184895833333333 0.5027777777777778 0.014583333333333334 0.0837962962962963
1 0.6651041666666667 0.6222222222222222 0.016145833333333335 0.0824074074074074
1 0.6875 0.6222222222222222 0.0140625 0.0837962962962963
1 0.8385416666666666 0.8722222222222222 0.02578125 0.06435185185185185
