1 0.11770833333333333 0.7736111111111111 0.022395833333333334 0.0712962962962963
1 0.30885416666666665 0.4532407407407407 0.013541666666666667 0.08425925925925926
1 0.48333333333333334 0.10231481481481482 0.01171875 0.08888888888888889
1 0.5518229166666667 0.14537037037037037 0.029166666666666667 0.0625
1 0.36796875 0.45740740740740743 0.022916666666666665 0.05648148148148148
1 0.38619791666666664 0.5074074074074074 0.025520833333333333 0.06527777777777778
1 0.21901041666666668 0.8342592592592593 0.027864583333333335 0.06111111111111111
1 0.6231770833333333 0.475 0.012239583333333333 0.0787037037037037
1 0.43697916666666664 0.6240740740740741 0.015364583333333333 0.08657407407407407
1 0.5106770833333333 0.6620370370370371 0.017447916666666667 0.0763888888888889
1 0.7221354166666667 0.5046296296296297 0.015364583333333333 0.08564814814814815
1 0.6669270833333333 0.6217592592592592 0.016927083333333332 0.07777777777777778
1 0.6888020833333334 0.6236111111111111 0.013541666666666667 0.08333333333333333
1 0.83828125 0.8726851851851852 0.02421875 0.075
