1 0.4856770833333333 0.11018518518518519 0.011979166666666667 0.08564814814814815
1 0.55390625 0.14629629629629629 0.028645833333333332 0.06157407407407407
1 0.7252604166666666 0.5046296296296297 0.014322916666666666 0.08425925925925926
1 0.6268229166666667 0.47175925925925927 0.01015625 0.07685185185185185
1 0.8385416666666666 0.8712962962962963 0.019791666666666666 0.07175925925925926
1 0.225 0.8310185185185185 0.025520833333333333 0.05092592592592592
1 0.12265625 0.7652777777777777 0.02421875 0.06944444444444445
1 0.5114583333333333 0.6842592592592592 0.016927083333333332 0.07175925925925926
1 0.4393229166666667 0.6527777777777778 0.01328125 0.08055555555555556
1 0.38958333333333334 0.5152777777777777 0.0265625 0.06111111111111111
1 0.37395833333333334 0.4625 0.024739583333333332 0.05185185185185185
1 0.3145833333333333 0.4532407407407407 0.011197916666666667 0.0787037037037037
1 0.69140625 0.6240740740740741 0.01484375 0.08194444444444444
1 0.6697916666666667 0.625 0.016666666666666666 0.07916666666666666
