1 0.49270833333333336 0.12175925925925926 0.013541666666666667 0.08425925925925926
1 0.55703125 0.15231481481481482 0.03229166666666667 0.062037037037037036
1 0.13229166666666667 0.7560185185185185 0.019270833333333334 0.07407407407407407
1 0.32265625 0.4486111111111111 0.01171875 0.08333333333333333
1 0.38229166666666664 0.4625 0.030208333333333334 0.04722222222222222
1 0.3966145833333333 0.5212962962962963 0.029166666666666667 0.05740740740740741
1 0.4427083333333333 0.6962962962962963 0.013541666666666667 0.08564814814814815
1 0.23177083333333334 0.825 0.029427083333333333 0.04583333333333333
1 0.6346354166666667 0.4675925925925926 0.0125 0.0763888888888889
1 0.5145833333333333 0.712037037037037 0.01484375 0.07824074074074074
1 0.7333333333333333 0.5074074074074074 0.015625 0.08564814814814815
1 0.675 0.6287037037037037 0.017708333333333333 0.0787037037037037
1 0.6971354166666667 0.6296296296296297 0.017447916666666667 0.08333333333333333
1 0.8432291666666667 0.8694444444444445 0.019791666666666666 0.075
