1 0.1421875 0.7462962962962963 0.019270833333333334 0.06898148148148148
1 0.2421875 0.8203703703703704 0.029947916666666668 0.03009259259259259
1 0.33151041666666664 0.4412037037037037 0.010677083333333334 0.08148148148148149
1 0.3919270833333333 0.462037037037037 0.03203125 0.03564814814814815
1 0.40572916666666664 0.524074074074074 0.029427083333333333 0.05694444444444444
1 0.44583333333333336 0.7518518518518519 0.0125 0.07731481481481481
1 0.51953125 0.7398148148148148 0.013541666666666667 0.07685185185185185
1 0.5 0.13287037037037036 0.012760416666666666 0.0824074074074074
1 0.5622395833333333 0.16111111111111112 0.0296875 0.05787037037037037
1 0.64140625 0.4652777777777778 0.009635416666666667 0.07777777777777778
1 0.7408854166666666 0.5101851851851852 0.017708333333333333 0.08425925925925926
1 0.6838541666666667 0.6333333333333333 0.0171875 0.07731481481481481
1 0.70625 0.6324074074074074 0.019010416666666665 0.08101851851851852
1 0.8518229166666667 0.8759259259259259 0.017447916666666667 0.07314814814814814
