1 0.340625 0.43425925925925923 0.022916666666666665 0.10046296296296296
1 0.5083333333333333 0.14074074074074075 0.017447916666666667 0.09722222222222222
1 0.5708333333333333 0.17407407407407408 0.04296875 0.07083333333333333
1 0.40234375 0.45925925925925926 0.043229166666666666 0.050462962962962966
1 0.41510416666666666 0.5291666666666667 0.03307291666666667 0.06759259259259259
1 0.6510416666666666 0.46296296296296297 0.019270833333333334 0.08842592592592592
1 0.44817708333333334 0.8 0.029166666666666667 0.11805555555555555
1 0.24921875 0.812962962962963 0.05026041666666667 0.041666666666666664
1 0.15182291666666667 0.7425925925925926 0.027604166666666666 0.08148148148148149
1 0.5268229166666667 0.7569444444444444 0.024739583333333332 0.08333333333333333
1 0.7513020833333334 0.5111111111111111 0.022916666666666665 0.09398148148148149
1 0.6916666666666667 0.6296296296296297 0.022916666666666665 0.10277777777777777
1 0.7166666666666667 0.6342592592592593 0.016927083333333332 0.08657407407407407
1 0.8643229166666667 0.8810185185185185 0.029166666666666667 0.09907407407407408
