3 0.4817708333333333 0.537962962962963 0.011979166666666667 0.0587962962962963
1 0.35572916666666665 0.42916666666666664 0.021875 0.08703703703703704
1 0.5205729166666667 0.1439814814814815 0.014583333333333334 0.09351851851851851
1 0.5794270833333334 0.17592592592592593 0.03307291666666667 0.08842592592592592
1 0.41119791666666666 0.45740740740740743 0.04296875 0.04351851851851852
1 0.428125 0.5296296296296297 0.03671875 0.07268518518518519
1 0.5395833333333333 0.7726851851851851 0.03359375 0.08333333333333333
1 0.16796875 0.7481481481481481 0.025520833333333333 0.08333333333333333
1 0.45286458333333335 0.8601851851851852 0.027604166666666666 0.1087962962962963
1 0.2703125 0.8430555555555556 0.05963541666666667 0.06759259259259259
1 0.6658854166666667 0.46944444444444444 0.017447916666666667 0.09537037037037037
1 0.7669270833333334 0.5199074074074074 0.027604166666666666 0.10555555555555556
1 0.7028645833333333 0.6435185185185185 0.0203125 0.08842592592592592
1 0.7322916666666667 0.6375 0.022135416666666668 0.09722222222222222
1 0.87421875 0.8953703703703704 0.03125 0.09212962962962963