1 0.52421875 0.15046296296296297 0.015104166666666667 0.08611111111111111
1 0.5796875 0.1712962962962963 0.025520833333333333 0.06805555555555555
1 0.3578125 0.4324074074074074 0.009895833333333333 0.08287037037037037
1 0.41875 0.4685185185185185 0.03515625 0.020370370370370372
1 0.43333333333333335 0.5337962962962963 0.029947916666666668 0.05092592592592592
1 0.17421875 0.7518518518518519 0.020052083333333335 0.07731481481481481
1 0.6697916666666667 0.4722222222222222 0.010677083333333334 0.07824074074074074
1 0.7682291666666666 0.5314814814814814 0.021614583333333333 0.0837962962962963
1 0.7075520833333333 0.6481481481481481 0.0171875 0.08472222222222223
1 0.734375 0.6398148148148148 0.015885416666666666 0.08472222222222223
1 0.546875 0.7777777777777778 0.027083333333333334 0.059722222222222225
1 0.8796875 0.9055555555555556 0.0125 0.06944444444444445
1 0.27109375 0.8453703703703703 0.03697916666666667 0.022685185185185187
1 0.45286458333333335 0.9185185185185185 0.016927083333333332 0.075
