3 0.4895833333333333 0.5425925925925926 0.010677083333333334 0.05185185185185185
1 0.52890625 0.15231481481481482 0.012760416666666666 0.08796296296296297
1 0.5817708333333333 0.16898148148148148 0.03359375 0.07037037037037037
1 0.3609375 0.43425925925925923 0.019010416666666665 0.08796296296296297
1 0.421875 0.4703703703703704 0.03723958333333333 0.031018518518518518
1 0.18046875 0.7546296296296297 0.021875 0.09305555555555556
1 0.6734375 0.47314814814814815 0.020052083333333335 0.0912037037037037
1 0.27447916666666666 0.8569444444444444 0.05911458333333333 0.03611111111111111
1 0.43723958333333335 0.5342592592592592 0.036458333333333336 0.0587962962962963
1 0.5515625 0.774074074074074 0.03802083333333333 0.06435185185185185
1 0.45755208333333336 0.9305555555555556 0.02109375 0.08981481481481482
1 0.77578125 0.5310185185185186 0.025520833333333333 0.10185185185185185
1 0.7135416666666666 0.6472222222222223 0.0171875 0.10138888888888889
1 0.7424479166666667 0.6388888888888888 0.023697916666666666 0.09305555555555556
1 0.8848958333333333 0.9050925925925926 0.025520833333333333 0.10555555555555556
