3 0.5377604166666666 0.1574074074074074 0.015625 0.0837962962962963
1 0.36796875 0.44305555555555554 0.010677083333333334 0.0824074074074074
1 0.43020833333333336 0.48564814814814816 0.03411458333333333 0.024074074074074074
1 0.1921875 0.7518518518518519 0.021614583333333333 0.07314814814814814
1 0.4440104166666667 0.55 0.03177083333333333 0.05
1 0.5609375 0.7768518518518519 0.034895833333333334 0.03333333333333333
1 0.2872395833333333 0.8805555555555555 0.04010416666666667 0.03425925925925926
1 0.6796875 0.487962962962963 0.01171875 0.07777777777777778
1 0.7200520833333334 0.6574074074074074 0.01484375 0.0787037037037037
1 0.7471354166666667 0.6425925925925926 0.015364583333333333 0.08101851851851852
1 0.78046875 0.5601851851851852 0.01953125 0.08472222222222223
1 0.8932291666666666 0.9273148148148148 0.014322916666666666 0.06759259259259259
1 0.53828125 0.1574074074074074 0.015364583333333333 0.08287037037037037
1 0.5893229166666667 0.16620370370370371 0.026302083333333334 0.06296296296296296
