3 0.49973958333333335 0.5481481481481482 0.019791666666666666 0.06018518518518518
1 0.19635416666666666 0.7564814814814815 0.019010416666666665 0.09305555555555556
1 0.37135416666666665 0.4462962962962963 0.020052083333333335 0.08657407407407407
1 0.43255208333333334 0.49166666666666664 0.03515625 0.03287037037037037
1 0.44583333333333336 0.5527777777777778 0.03307291666666667 0.056018518518518516
1 0.5411458333333333 0.16111111111111112 0.013541666666666667 0.09490740740740741
1 0.5950520833333334 0.16342592592592592 0.032552083333333336 0.07222222222222222
1 0.68203125 0.4925925925925926 0.0109375 0.07824074074074074
1 0.5625 0.7768518518518519 0.042708333333333334 0.04861111111111111
1 0.29140625 0.8925925925925926 0.051041666666666666 0.044444444444444446
1 0.7236979166666667 0.6592592592592592 0.02109375 0.08472222222222223
1 0.7528645833333333 0.6439814814814815 0.019010416666666665 0.07592592592592592
1 0.7825520833333334 0.5657407407407408 0.02265625 0.1087962962962963
1 0.8958333333333334 0.9305555555555556 0.021614583333333333 0.07962962962962963
