1 0.5471354166666667 0.14166666666666666 0.013020833333333334 0.08611111111111111
1 0.5895833333333333 0.13703703703703704 0.028645833333333332 0.059722222222222225
1 0.6890625 0.48518518518518516 0.009895833333333333 0.0763888888888889
1 0.7885416666666667 0.5861111111111111 0.01953125 0.08333333333333333
1 0.7549479166666667 0.6657407407407407 0.019270833333333334 0.08194444444444444
1 0.7317708333333334 0.7060185185185185 0.018229166666666668 0.08333333333333333
1 0.57578125 0.7875 0.024479166666666666 0.06296296296296296
1 0.38567708333333334 0.4439814814814815 0.010677083333333334 0.08055555555555556
1 0.44557291666666665 0.5268518518518519 0.03411458333333333 0.0375
1 0.45546875 0.6041666666666666 0.03802083333333333 0.03148148148148148
1 0.22109375 0.7277777777777777 0.012760416666666666 0.07453703703703704
1 0.3260416666666667 0.8981481481481481 0.025 0.06712962962962964
