3 0.5104166666666666 0.5467592592592593 0.01015625 0.03888888888888889
1 0.58828125 0.13518518518518519 0.028645833333333332 0.0587962962962963
1 0.5466145833333333 0.1398148148148148 0.011979166666666667 0.08564814814814815
1 0.2203125 0.7277777777777777 0.01171875 0.07592592592592592
1 0.32708333333333334 0.8939814814814815 0.022395833333333334 0.06944444444444445
1 0.7890625 0.5851851851851851 0.01875 0.0837962962962963
1 0.7541666666666667 0.6643518518518519 0.01875 0.08148148148148149
1 0.7309895833333333 0.7064814814814815 0.019270833333333334 0.0837962962962963
1 0.6888020833333334 0.48194444444444445 0.009635416666666667 0.07592592592592592
1 0.575 0.7898148148148149 0.026302083333333334 0.06574074074074074
1 0.4552083333333333 0.6037037037037037 0.03828125 0.031018518518518518
1 0.44557291666666665 0.5273148148148148 0.034375 0.037037037037037035
1 0.38645833333333335 0.44074074074074077 0.010677083333333334 0.08009259259259259
