1 0.38697916666666665 0.4375 0.012760416666666666 0.08518518518518518
1 0.44583333333333336 0.5273148148148148 0.03619791666666667 0.03888888888888889
1 0.5463541666666667 0.14027777777777778 0.014583333333333334 0.08703703703703704
1 0.5864583333333333 0.1300925925925926 0.030208333333333334 0.05925925925925926
1 0.4546875 0.6032407407407407 0.03619791666666667 0.03148148148148148
1 0.6911458333333333 0.4824074074074074 0.013541666666666667 0.08333333333333333
1 0.5760416666666667 0.7944444444444444 0.027604166666666666 0.07037037037037037
1 0.7903645833333334 0.5814814814814815 0.018489583333333334 0.08518518518518518
1 0.7565104166666666 0.6601851851851852 0.01953125 0.08333333333333333
1 0.73125 0.7064814814814815 0.01953125 0.09444444444444444
