1 0.21614583333333334 0.7444444444444445 0.019010416666666665 0.07731481481481481
1 0.38671875 0.4324074074074074 0.0125 0.08194444444444444
1 0.44583333333333336 0.5263888888888889 0.03411458333333333 0.03888888888888889
1 0.4557291666666667 0.6050925925925926 0.03697916666666667 0.03148148148148148
1 0.5424479166666667 0.13703703703703704 0.01484375 0.08842592592592592
1 0.5830729166666667 0.12777777777777777 0.0296875 0.06342592592592593
1 0.6895833333333333 0.4708333333333333 0.012239583333333333 0.0787037037037037
1 0.57890625 0.7972222222222223 0.018489583333333334 0.07407407407407407
1 0.7294270833333333 0.7013888888888888 0.013020833333333334 0.08055555555555556
1 0.7546875 0.649074074074074 0.017708333333333333 0.08287037037037037
1 0.7901041666666667 0.5791666666666667 0.016666666666666666 0.08333333333333333
