1 0.54296875 0.1398148148148148 0.016927083333333332 0.08981481481481482
1 0.38619791666666664 0.42777777777777776 0.012239583333333333 0.08888888888888889
1 0.5802083333333333 0.12638888888888888 0.030729166666666665 0.07037037037037037
1 0.21458333333333332 0.7509259259259259 0.026302083333333334 0.07824074074074074
1 0.44557291666666665 0.5287037037037037 0.034375 0.03981481481481482
1 0.4557291666666667 0.6074074074074074 0.03697916666666667 0.043055555555555555
1 0.5796875 0.8087962962962963 0.02109375 0.08333333333333333
1 0.690625 0.4689814814814815 0.013802083333333333 0.08518518518518518
1 0.79140625 0.5810185185185185 0.016927083333333332 0.09166666666666666
1 0.7552083333333334 0.6361111111111111 0.018229166666666668 0.08518518518518518
1 0.7286458333333333 0.7046296296296296 0.017708333333333333 0.08842592592592592
