1 0.578125 0.1287037037037037 0.028385416666666666 0.062037037037037036
1 0.5411458333333333 0.1439814814814815 0.01328125 0.08703703703703704
1 0.38671875 0.425 0.010416666666666666 0.08425925925925926
1 0.21067708333333332 0.7601851851851852 0.0296875 0.06712962962962964
1 0.3302083333333333 0.8944444444444445 0.019270833333333334 0.0787037037037037
1 0.44427083333333334 0.5324074074074074 0.03463541666666667 0.03518518518518519
1 0.45546875 0.6083333333333333 0.0390625 0.03148148148148148
1 0.5799479166666667 0.8138888888888889 0.019791666666666666 0.0763888888888889
1 0.690625 0.4703703703703704 0.01328125 0.07962962962962963
1 0.7299479166666667 0.7055555555555556 0.01484375 0.08796296296296297
1 0.7549479166666667 0.6324074074074074 0.019270833333333334 0.0912037037037037
1 0.7916666666666666 0.5833333333333334 0.0171875 0.08842592592592592
