1 0.20729166666666668 0.7791666666666667 0.03567708333333333 0.05277777777777778
1 0.3302083333333333 0.9023148148148148 0.018489583333333334 0.0787037037037037
1 0.38645833333333335 0.42314814814814816 0.009895833333333333 0.07916666666666666
1 0.4453125 0.5388888888888889 0.033854166666666664 0.03287037037037037
1 0.4544270833333333 0.6152777777777778 0.037760416666666664 0.024074074074074074
1 0.5796875 0.8240740740740741 0.019791666666666666 0.07083333333333333
1 0.5395833333333333 0.15138888888888888 0.016666666666666666 0.08425925925925926
1 0.5755208333333334 0.1337962962962963 0.027864583333333335 0.06111111111111111
1 0.6888020833333334 0.4759259259259259 0.010416666666666666 0.07546296296296297
1 0.7294270833333333 0.7078703703703704 0.011197916666666667 0.08055555555555556
1 0.753125 0.6287037037037037 0.0171875 0.07962962962962963
1 0.7890625 0.5916666666666667 0.018489583333333334 0.0824074074074074