3 0.5140625 0.55 0.016666666666666666 0.03981481481481482
1 0.38229166666666664 0.43796296296296294 0.023958333333333335 0.09351851851851851
1 0.534375 0.17407407407407408 0.0203125 0.11064814814814815
1 0.5708333333333333 0.16111111111111112 0.03307291666666667 0.07083333333333333
1 0.20208333333333334 0.8407407407407408 0.054947916666666666 0.07314814814814814
1 0.33125 0.9203703703703704 0.02734375 0.10046296296296296
1 0.4421875 0.5662037037037037 0.039322916666666666 0.05555555555555555
1 0.45286458333333335 0.6481481481481481 0.045572916666666664 0.038425925925925926
1 0.5770833333333333 0.8601851851851852 0.04114583333333333 0.05740740740740741
1 0.68515625 0.5069444444444444 0.02265625 0.09351851851851851
1 0.7463541666666667 0.6425925925925926 0.022916666666666665 0.09398148148148149
1 0.72421875 0.7351851851851852 0.017447916666666667 0.09027777777777778
1 0.7848958333333333 0.6305555555555555 0.0265625 0.09074074074074075
