1 0.5325520833333334 0.1912037037037037 0.016927083333333332 0.08611111111111111
1 0.5671875 0.17407407407407408 0.029427083333333333 0.060648148148148145
1 0.37942708333333336 0.45185185185185184 0.010416666666666666 0.08287037037037037
1 0.44140625 0.5787037037037037 0.034895833333333334 0.033796296296296297
1 0.45390625 0.6583333333333333 0.038802083333333334 0.027314814814814816
1 0.20442708333333334 0.8560185185185185 0.03333333333333333 0.06018518518518518
1 0.33307291666666666 0.9342592592592592 0.01796875 0.07314814814814814
1 0.5791666666666667 0.8759259259259259 0.03619791666666667 0.038425925925925926
1 0.6822916666666666 0.5212962962962963 0.01171875 0.0763888888888889
1 0.7830729166666667 0.6444444444444445 0.01796875 0.08287037037037037
1 0.7455729166666667 0.6574074074074074 0.013541666666666667 0.08194444444444444
1 0.7234375 0.75 0.01484375 0.07916666666666666
