3 0.51328125 0.562037037037037 0.0125 0.034722222222222224
1 0.68046875 0.5157407407407407 0.011458333333333333 0.07731481481481481
1 0.72578125 0.7513888888888889 0.012760416666666666 0.08148148148148149
1 0.74296875 0.6472222222222223 0.01875 0.08194444444444444
1 0.7856770833333333 0.6416666666666667 0.015625 0.08287037037037037
1 0.5296875 0.19722222222222222 0.01328125 0.08564814814814815
1 0.5643229166666667 0.18287037037037038 0.028125 0.062037037037037036
1 0.37578125 0.462037037037037 0.009895833333333333 0.08194444444444444
1 0.4393229166666667 0.5879629629629629 0.03333333333333333 0.03611111111111111
1 0.45598958333333334 0.6662037037037037 0.03854166666666667 0.02962962962962963
1 0.21302083333333333 0.8722222222222222 0.01328125 0.08148148148148149
1 0.5841145833333333 0.8814814814814815 0.04114583333333333 0.027314814814814816
1 0.33984375 0.9583333333333334 0.03411458333333333 0.04583333333333333