3 0.5158854166666667 0.5532407407407407 0.009635416666666667 0.044444444444444446
1 0.22395833333333334 0.9111111111111111 0.01171875 0.07916666666666666
1 0.35546875 0.9787037037037037 0.03411458333333333 0.022685185185185187
1 0.4596354166666667 0.6703703703703704 0.03958333333333333 0.026851851851851852
1 0.440625 0.5976851851851852 0.030729166666666665 0.044444444444444446
1 0.37473958333333335 0.475 0.010677083333333334 0.08194444444444444
1 0.5236979166666667 0.19814814814814816 0.013541666666666667 0.08703703703703704
1 0.5580729166666667 0.18425925925925926 0.030208333333333334 0.0587962962962963
1 0.6822916666666666 0.4861111111111111 0.011458333333333333 0.0763888888888889
1 0.7447916666666666 0.6064814814814815 0.016145833333333335 0.08194444444444444
1 0.78671875 0.6074074074074074 0.020572916666666666 0.08148148148148149
1 0.7294270833333333 0.7277777777777777 0.01875 0.08101851851851852
1 0.5947916666666667 0.8787037037037037 0.03333333333333333 0.05138888888888889
