3 0.5158854166666667 0.5481481481481482 0.012760416666666666 0.053703703703703705
1 0.5221354166666666 0.20046296296296295 0.025520833333333333 0.10185185185185185
1 0.5598958333333334 0.18935185185185185 0.03802083333333333 0.07592592592592592
1 0.3763020833333333 0.4759259259259259 0.020833333333333332 0.09490740740740741
1 0.22369791666666666 0.9125 0.0171875 0.08796296296296297
1 0.44088541666666664 0.5990740740740741 0.03359375 0.04398148148148148
1 0.4596354166666667 0.6712962962962963 0.04739583333333333 0.03935185185185185
1 0.35520833333333335 0.975462962962963 0.04739583333333333 0.03796296296296296
1 0.68203125 0.48055555555555557 0.02265625 0.08611111111111111
1 0.5947916666666667 0.8759259259259259 0.042708333333333334 0.07731481481481481
1 0.7307291666666667 0.7240740740740741 0.024739583333333332 0.09305555555555556
1 0.746875 0.6027777777777777 0.025520833333333333 0.08935185185185185
1 0.7895833333333333 0.6046296296296296 0.02890625 0.08287037037037037
