3 0.5166666666666667 0.5453703703703704 0.00859375 0.038425925925925926
1 0.52265625 0.20092592592592592 0.015625 0.08935185185185185
1 0.5565104166666667 0.18981481481481483 0.033854166666666664 0.06388888888888888
1 0.6825520833333333 0.4791666666666667 0.015625 0.08518518518518518
1 0.7861979166666667 0.600462962962963 0.0234375 0.08518518518518518
1 0.7463541666666667 0.5944444444444444 0.01953125 0.08888888888888889
1 0.7307291666666667 0.7189814814814814 0.017708333333333333 0.08518518518518518
1 0.3765625 0.47685185185185186 0.013541666666666667 0.08148148148148149
1 0.44114583333333335 0.5986111111111111 0.03333333333333333 0.05185185185185185
1 0.4596354166666667 0.6726851851851852 0.04296875 0.037037037037037035
1 0.5934895833333333 0.8791666666666667 0.03125 0.06851851851851852
1 0.35598958333333336 0.9768518518518519 0.040625 0.03194444444444444
