3 0.5174479166666667 0.5416666666666666 0.008854166666666666 0.03564814814814815
1 0.521875 0.2050925925925926 0.015625 0.08611111111111111
1 0.5565104166666667 0.19814814814814816 0.030989583333333334 0.05925925925925926
1 0.6817708333333333 0.4759259259259259 0.009635416666666667 0.07731481481481481
1 0.74609375 0.5851851851851851 0.016666666666666666 0.08009259259259259
1 0.7859375 0.5981481481481481 0.022135416666666668 0.08055555555555556
1 0.3776041666666667 0.4759259259259259 0.01015625 0.08194444444444444
1 0.440625 0.600925925925926 0.03125 0.04583333333333333
1 0.45859375 0.6731481481481482 0.03984375 0.027314814814814816
1 0.7294270833333333 0.7138888888888889 0.015885416666666666 0.08009259259259259
1 0.59375 0.8768518518518519 0.02734375 0.06712962962962964
1 0.22526041666666666 0.9208333333333333 0.016145833333333335 0.0787037037037037
1 0.35703125 0.9712962962962963 0.03619791666666667 0.020370370370370372
