3 0.4546875 0.014351851851851852 0.030208333333333334 0.028703703703703703
3 0.5182291666666666 0.5393518518518519 0.009635416666666667 0.049074074074074076
1 0.5192708333333333 0.21481481481481482 0.022916666666666665 0.09953703703703703
1 0.55859375 0.2212962962962963 0.039322916666666666 0.08148148148148149
1 0.3809895833333333 0.48842592592592593 0.021354166666666667 0.09814814814814815
1 0.44036458333333334 0.6046296296296296 0.039322916666666666 0.06435185185185185
1 0.4596354166666667 0.6782407407407407 0.04375 0.04351851851851852
1 0.6825520833333333 0.4722222222222222 0.018489583333333334 0.0912037037037037
1 0.74296875 0.5675925925925925 0.029427083333333333 0.10277777777777777
1 0.7877604166666666 0.5893518518518519 0.023697916666666666 0.09814814814814815
1 0.7283854166666667 0.7092592592592593 0.032552083333333336 0.0912037037037037
1 0.5934895833333333 0.8833333333333333 0.037760416666666664 0.08657407407407407
1 0.35598958333333336 0.9694444444444444 0.055989583333333336 0.060648148148148145
1 0.228125 0.9388888888888889 0.041666666666666664 0.1087962962962963
