3 0.44479166666666664 0.04722222222222222 0.027864583333333335 0.03518518518518519
1 0.37473958333333335 0.5064814814814815 0.01171875 0.08101851851851852
1 0.5130208333333334 0.2675925925925926 0.014322916666666666 0.08657407407407407
1 0.5489583333333333 0.2625 0.019791666666666666 0.07407407407407407
1 0.4388020833333333 0.6486111111111111 0.030989583333333334 0.049074074074074076
1 0.45625 0.7157407407407408 0.040364583333333336 0.02824074074074074
1 0.58828125 0.9064814814814814 0.04088541666666667 0.043055555555555555
1 0.34817708333333336 0.9875 0.04348958333333333 0.024074074074074074
1 0.68203125 0.5157407407407407 0.013020833333333334 0.07824074074074074
1 0.72109375 0.7240740740740741 0.016145833333333335 0.08009259259259259
1 0.73671875 0.5824074074074074 0.016145833333333335 0.08472222222222223
1 0.7822916666666667 0.6199074074074075 0.019010416666666665 0.07592592592592592
