3 0.4388020833333333 0.06944444444444445 0.02734375 0.02361111111111111
1 0.51171875 0.2875 0.016666666666666666 0.08425925925925926
1 0.5484375 0.2824074074074074 0.021354166666666667 0.07268518518518519
1 0.371875 0.5305555555555556 0.012239583333333333 0.08518518518518518
1 0.4375 0.674074074074074 0.030208333333333334 0.05138888888888889
1 0.45390625 0.7407407407407407 0.04114583333333333 0.024537037037037038
1 0.5848958333333333 0.9217592592592593 0.03958333333333333 0.03611111111111111
1 0.71875 0.7388888888888889 0.015364583333333333 0.08009259259259259
1 0.6791666666666667 0.5509259259259259 0.013541666666666667 0.08194444444444444
1 0.7341145833333333 0.6041666666666666 0.016145833333333335 0.0787037037037037
1 0.78125 0.6481481481481481 0.0203125 0.075
