3 0.51328125 0.5986111111111111 0.009114583333333334 0.03981481481481482
3 0.4354166666666667 0.07777777777777778 0.02578125 0.02175925925925926
1 0.37109375 0.5421296296296296 0.01015625 0.08333333333333333
1 0.43723958333333335 0.6847222222222222 0.03046875 0.05
1 0.45338541666666665 0.7523148148148148 0.04140625 0.025925925925925925
1 0.509375 0.29583333333333334 0.013541666666666667 0.08703703703703704
1 0.5466145833333333 0.2916666666666667 0.019791666666666666 0.07222222222222222
1 0.67890625 0.5657407407407408 0.016927083333333332 0.08148148148148149
1 0.7328125 0.6175925925925926 0.01640625 0.08333333333333333
1 0.7791666666666667 0.6620370370370371 0.023697916666666666 0.07731481481481481
1 0.7182291666666667 0.7481481481481481 0.0140625 0.07824074074074074
1 0.58359375 0.9305555555555556 0.03984375 0.02962962962962963