3 0.43020833333333336 0.08935185185185185 0.02578125 0.027777777777777776
1 0.36953125 0.5578703703703703 0.0125 0.08796296296296297
1 0.5080729166666667 0.3074074074074074 0.015364583333333333 0.08935185185185185
1 0.5447916666666667 0.30277777777777776 0.022135416666666668 0.07731481481481481
1 0.4356770833333333 0.6990740740740741 0.030729166666666665 0.052314814814814814
1 0.45338541666666665 0.7680555555555556 0.042708333333333334 0.02962962962962963
1 0.6770833333333334 0.5847222222222223 0.019791666666666666 0.08333333333333333
1 0.5822916666666667 0.9416666666666667 0.040364583333333336 0.029166666666666667
1 0.7166666666666667 0.7620370370370371 0.017447916666666667 0.08009259259259259
1 0.7315104166666667 0.6342592592592593 0.019270833333333334 0.08935185185185185
1 0.7791666666666667 0.6814814814814815 0.022135416666666668 0.07777777777777778
