3 0.41796875 0.12314814814814815 0.02421875 0.027314814814814816
3 0.5083333333333333 0.6527777777777778 0.012239583333333333 0.03935185185185185
1 0.540625 0.33611111111111114 0.019270833333333334 0.07361111111111111
1 0.5044270833333333 0.34074074074074073 0.013541666666666667 0.08703703703703704
1 0.3645833333333333 0.5972222222222222 0.010416666666666666 0.08333333333333333
1 0.4317708333333333 0.7476851851851852 0.028125 0.049074074074074076
1 0.4515625 0.812962962962963 0.04140625 0.022685185185185187
1 0.5778645833333333 0.975 0.03307291666666667 0.02546296296296296
1 0.7145833333333333 0.8143518518518519 0.016927083333333332 0.07407407407407407
1 0.77734375 0.7435185185185185 0.023177083333333334 0.08101851851851852
1 0.7216145833333333 0.6805555555555556 0.020833333333333332 0.08518518518518518
1 0.6697916666666667 0.6425925925925926 0.013541666666666667 0.08055555555555556
