3 0.41458333333333336 0.1287037037037037 0.025 0.02962962962962963
3 0.5083333333333333 0.6555555555555556 0.009114583333333334 0.040740740740740744
1 0.5033854166666667 0.34629629629629627 0.015104166666666667 0.08842592592592592
1 0.5401041666666667 0.34120370370370373 0.01953125 0.075
1 0.6697916666666667 0.649074074074074 0.01484375 0.08009259259259259
1 0.7223958333333333 0.6851851851851852 0.0171875 0.08564814814814815
1 0.7768229166666667 0.7527777777777778 0.022916666666666665 0.08287037037037037
1 0.7135416666666666 0.8268518518518518 0.01875 0.0787037037037037
1 0.57734375 0.9824074074074074 0.03046875 0.02962962962962963
1 0.43125 0.7569444444444444 0.028125 0.05
1 0.4513020833333333 0.8222222222222222 0.0421875 0.024074074074074074
1 0.36432291666666666 0.6027777777777777 0.01015625 0.08425925925925926