3 0.40572916666666664 0.13703703703703704 0.025 0.02175925925925926
3 0.5083333333333333 0.6592592592592592 0.01328125 0.05092592592592592
1 0.5026041666666666 0.35833333333333334 0.015364583333333333 0.08935185185185185
1 0.5416666666666666 0.3453703703703704 0.02890625 0.08564814814814815
1 0.36380208333333336 0.6050925925925926 0.01640625 0.09074074074074075
1 0.66953125 0.6550925925925926 0.019270833333333334 0.09259259259259259
1 0.7229166666666667 0.6814814814814815 0.021875 0.0837962962962963
1 0.7755208333333333 0.7662037037037037 0.02578125 0.08888888888888889
1 0.7127604166666667 0.8490740740740741 0.023177083333333334 0.10231481481481482
1 0.43046875 0.7731481481481481 0.025 0.05277777777777778
1 0.45078125 0.8439814814814814 0.04609375 0.020370370370370372
