3 0.4041666666666667 0.1388888888888889 0.022395833333333334 0.022685185185185187
1 0.5020833333333333 0.35138888888888886 0.015625 0.08611111111111111
1 0.5395833333333333 0.3490740740740741 0.019010416666666665 0.07268518518518519
1 0.36380208333333336 0.6032407407407407 0.010416666666666666 0.0824074074074074
1 0.43020833333333336 0.7814814814814814 0.028125 0.052314814814814814
1 0.45 0.8490740740740741 0.04140625 0.02361111111111111
1 0.66953125 0.6583333333333333 0.013802083333333333 0.07453703703703704
1 0.7216145833333333 0.6768518518518518 0.021354166666666667 0.0824074074074074
1 0.7755208333333333 0.7694444444444445 0.019791666666666666 0.08333333333333333
1 0.71171875 0.8523148148148149 0.015104166666666667 0.08611111111111111
1 0.5763020833333333 0.9888888888888889 0.018229166666666668 0.021296296296296296
