3 0.39895833333333336 0.14074074074074075 0.03307291666666667 0.031018518518518518
3 0.5083333333333333 0.6472222222222223 0.015625 0.04675925925925926
1 0.3625 0.6027777777777777 0.02109375 0.09351851851851851
1 0.503125 0.35185185185185186 0.021875 0.09537037037037037
1 0.5403645833333334 0.34305555555555556 0.03229166666666667 0.08425925925925926
1 0.6661458333333333 0.6564814814814814 0.021875 0.09398148148148149
1 0.7213541666666666 0.6685185185185185 0.025520833333333333 0.09027777777777778
1 0.7778645833333333 0.7680555555555556 0.03671875 0.09907407407407408
1 0.43203125 0.7824074074074074 0.030989583333333334 0.07083333333333333
1 0.7127604166666667 0.8490740740740741 0.026302083333333334 0.11064814814814815
1 0.4510416666666667 0.8583333333333333 0.04921875 0.034722222222222224