3 0.39557291666666666 0.14444444444444443 0.021354166666666667 0.031018518518518518
3 0.5096354166666667 0.6421296296296296 0.009895833333333333 0.03333333333333333
1 0.5026041666666666 0.35185185185185186 0.015625 0.08657407407407407
1 0.5395833333333333 0.34629629629629627 0.019270833333333334 0.07453703703703704
1 0.3671875 0.5972222222222222 0.01171875 0.08287037037037037
1 0.4317708333333333 0.7912037037037037 0.028385416666666666 0.05555555555555555
1 0.4510416666666667 0.8689814814814815 0.041666666666666664 0.03796296296296296
1 0.6716145833333333 0.662962962962963 0.01796875 0.07222222222222222
1 0.7200520833333334 0.6532407407407408 0.01484375 0.0824074074074074
1 0.7755208333333333 0.7731481481481481 0.02109375 0.08287037037037037
1 0.7130208333333333 0.8546296296296296 0.01328125 0.08194444444444444
