3 0.3919270833333333 0.14722222222222223 0.028125 0.03287037037037037
3 0.5114583333333333 0.6425925925925926 0.020052083333333335 0.041666666666666664
1 0.37057291666666664 0.5939814814814814 0.01796875 0.08611111111111111
1 0.503125 0.35138888888888886 0.021875 0.0962962962962963
1 0.5424479166666667 0.3472222222222222 0.03463541666666667 0.07592592592592592
1 0.6721354166666667 0.6625 0.023697916666666666 0.08796296296296297
1 0.43385416666666665 0.7925925925925926 0.029166666666666667 0.062037037037037036
1 0.45286458333333335 0.8666666666666667 0.048177083333333336 0.041666666666666664
1 0.721875 0.6449074074074074 0.024739583333333332 0.09814814814814815
1 0.7153645833333333 0.8611111111111112 0.017447916666666667 0.10972222222222222
1 0.7809895833333333 0.7768518518518519 0.0265625 0.09305555555555556
