3 0.39427083333333335 0.15138888888888888 0.02734375 0.03518518518518519
1 0.5046875 0.3560185185185185 0.017708333333333333 0.08796296296296297
1 0.5419270833333333 0.3509259259259259 0.0203125 0.08009259259259259
1 0.37135416666666665 0.5990740740740741 0.011458333333333333 0.08194444444444444
1 0.7216145833333333 0.6472222222222223 0.01484375 0.08148148148148149
1 0.675 0.6712962962962963 0.018229166666666668 0.07175925925925926
1 0.4348958333333333 0.7972222222222223 0.028125 0.05416666666666667
1 0.4549479166666667 0.8759259259259259 0.041666666666666664 0.033796296296296297
1 0.7791666666666667 0.7814814814814814 0.019270833333333334 0.08333333333333333
1 0.715625 0.8629629629629629 0.014583333333333334 0.07962962962962963
