3 0.3984375 0.17407407407407408 0.02890625 0.029166666666666667
3 0.5252604166666667 0.6601851851851852 0.014583333333333334 0.04212962962962963
1 0.5153645833333333 0.375 0.017447916666666667 0.08888888888888889
1 0.55234375 0.3680555555555556 0.0234375 0.07777777777777778
1 0.3815104166666667 0.6148148148148148 0.0140625 0.08842592592592592
1 0.73046875 0.6592592592592592 0.017708333333333333 0.09027777777777778
1 0.4440104166666667 0.8180555555555555 0.02890625 0.05648148148148148
1 0.6854166666666667 0.6976851851851852 0.024479166666666666 0.07592592592592592
1 0.7919270833333333 0.8087962962962963 0.020572916666666666 0.08703703703703704
1 0.7276041666666667 0.8805555555555555 0.020572916666666666 0.07777777777777778
1 0.46510416666666665 0.8949074074074074 0.04296875 0.02962962962962963
