3 0.40182291666666664 0.18888888888888888 0.024479166666666666 0.020370370370370372
3 0.5307291666666667 0.6671296296296296 0.011979166666666667 0.032407407407407406
1 0.5557291666666667 0.37962962962962965 0.020572916666666666 0.07407407407407407
1 0.5205729166666667 0.38425925925925924 0.015104166666666667 0.08564814814814815
1 0.7341145833333333 0.662962962962963 0.025520833333333333 0.08148148148148149
1 0.7979166666666667 0.8203703703703704 0.01796875 0.0837962962962963
1 0.690625 0.7087962962962963 0.020572916666666666 0.07037037037037037
1 0.73359375 0.8916666666666667 0.021354166666666667 0.07916666666666666
1 0.38671875 0.6231481481481481 0.011979166666666667 0.0824074074074074
1 0.45026041666666666 0.8277777777777777 0.028125 0.04861111111111111
1 0.4703125 0.9069444444444444 0.04140625 0.023148148148148147
