3 0.5346354166666667 0.6759259259259259 0.01328125 0.0375
3 0.40390625 0.19722222222222222 0.023958333333333335 0.020833333333333332
1 0.39088541666666665 0.6305555555555555 0.011458333333333333 0.0824074074074074
1 0.52421875 0.39305555555555555 0.015364583333333333 0.08518518518518518
1 0.5604166666666667 0.38842592592592595 0.019270833333333334 0.07314814814814814
1 0.4552083333333333 0.8375 0.029166666666666667 0.046296296296296294
1 0.4747395833333333 0.9157407407407407 0.04114583333333333 0.024537037037037038
1 0.7388020833333333 0.9 0.02109375 0.07824074074074074
1 0.8015625 0.8305555555555556 0.017708333333333333 0.08425925925925926
1 0.7359375 0.6694444444444444 0.019791666666666666 0.08287037037037037
1 0.6942708333333333 0.7189814814814814 0.02109375 0.0712962962962963
