3 0.42526041666666664 0.25833333333333336 0.023177083333333334 0.02638888888888889
3 0.57421875 0.7296296296296296 0.0171875 0.030555555555555555
1 0.5953125 0.4583333333333333 0.019010416666666665 0.07361111111111111
1 0.5591145833333333 0.45555555555555555 0.015364583333333333 0.08518518518518518
1 0.7700520833333333 0.6976851851851852 0.016927083333333332 0.08333333333333333
1 0.7309895833333333 0.7916666666666666 0.021614583333333333 0.0712962962962963
1 0.83984375 0.9046296296296297 0.021354166666666667 0.08564814814814815
1 0.77734375 0.9629629629629629 0.025 0.07314814814814814
1 0.4265625 0.6837962962962963 0.0125 0.08148148148148149
1 0.4940104166666667 0.9101851851851852 0.03307291666666667 0.03935185185185185
1 0.5125 0.9888888888888889 0.04114583333333333 0.021296296296296296
