3 0.44296875 0.30185185185185187 0.021354166666666667 0.022222222222222223
3 0.6033854166666667 0.7625 0.01796875 0.025
1 0.5846354166666666 0.49074074074074076 0.016666666666666666 0.08703703703703704
1 0.6200520833333333 0.4962962962962963 0.018489583333333334 0.07685185185185185
1 0.7947916666666667 0.7157407407407408 0.015885416666666666 0.0875
1 0.75859375 0.8388888888888889 0.02578125 0.0699074074074074
1 0.8119791666666667 0.9768518518518519 0.01875 0.04537037037037037
1 0.8692708333333333 0.9564814814814815 0.021354166666666667 0.0837962962962963
1 0.52109375 0.9546296296296296 0.03515625 0.038425925925925926
1 0.45286458333333335 0.725 0.013541666666666667 0.08333333333333333
