3 0.61953125 0.7851851851851852 0.019791666666666666 0.02824074074074074
3 0.45416666666666666 0.32685185185185184 0.023958333333333335 0.025
1 0.5997395833333333 0.5092592592592593 0.016666666666666666 0.08472222222222223
1 0.6348958333333333 0.5166666666666667 0.017708333333333333 0.07546296296296297
1 0.8869791666666667 0.975 0.026041666666666668 0.049074074074074076
1 0.83125 0.9828703703703704 0.015364583333333333 0.032407407407407406
1 0.8127604166666667 0.7388888888888889 0.020833333333333332 0.07824074074074074
1 0.7739583333333333 0.8643518518518518 0.027083333333333334 0.06574074074074074
1 0.5361979166666667 0.9796296296296296 0.03567708333333333 0.037037037037037035
1 0.46822916666666664 0.7462962962962963 0.012760416666666666 0.0824074074074074
