1 0.69140625 0.10972222222222222 0.011458333333333333 0.03888888888888889
1 0.7015625 0.10972222222222222 0.013802083333333333 0.04537037037037037
1 0.5109375 0.6824074074074075 0.00703125 0.013425925925925926
1 0.5588541666666667 0.6972222222222222 0.0109375 0.01990740740740741
1 0.5166666666666667 0.6018518518518519 0.006510416666666667 0.013425925925925926
1 0.5234375 0.5981481481481481 0.006510416666666667 0.016666666666666666
1 0.5182291666666666 0.5819444444444445 0.011197916666666667 0.021296296296296296
1 0.7661458333333333 0.7828703703703703 0.01015625 0.01574074074074074
1 0.771875 0.8106481481481481 0.009635416666666667 0.014814814814814815
1 0.8994791666666667 0.2824074074074074 0.015104166666666667 0.01574074074074074
1 0.90390625 0.300462962962963 0.013541666666666667 0.012962962962962963
