1 0.46145833333333336 0.11666666666666667 0.010416666666666666 0.02361111111111111
1 0.5104166666666666 0.9231481481481482 0.00703125 0.014351851851851852
1 0.5703125 0.9555555555555556 0.011458333333333333 0.020370370370370372
1 0.5208333333333334 0.8268518518518518 0.007552083333333333 0.01990740740740741
1 0.5140625 0.8300925925925926 0.00625 0.014814814814814815
1 0.52265625 0.8435185185185186 0.008333333333333333 0.013888888888888888
1 0.5135416666666667 0.8444444444444444 0.009375 0.014814814814814815
1 0.6908854166666667 0.3587962962962963 0.008333333333333333 0.03518518518518519
1 0.7005208333333334 0.3592592592592593 0.012239583333333333 0.043055555555555555
1 0.8953125 0.5342592592592592 0.010677083333333334 0.019444444444444445
1 0.8994791666666667 0.5527777777777778 0.018489583333333334 0.014814814814814815
