1 0.51328125 0.8736111111111111 0.00625 0.013888888888888888
1 0.5572916666666666 0.8953703703703704 0.007552083333333333 0.02175925925925926
1 0.5088541666666667 0.8490740740740741 0.00625 0.01712962962962963
1 0.9458333333333333 0.4601851851851852 0.01875 0.01898148148148148
1 0.7151041666666667 0.24074074074074073 0.015364583333333333 0.04490740740740741
1 0.709375 0.24583333333333332 0.01484375 0.044444444444444446
1 0.5140625 0.7907407407407407 0.0078125 0.018055555555555554
1 0.5072916666666667 0.7949074074074074 0.00546875 0.018518518518518517
1 0.5119791666666667 0.7731481481481481 0.007552083333333333 0.018055555555555554
1 0.5059895833333333 0.7796296296296297 0.0078125 0.012962962962962963
1 0.9434895833333333 0.4393518518518518 0.0140625 0.020370370370370372
