1 0.9890625 0.06851851851851852 0.0203125 0.016203703703703703
1 0.9841145833333333 0.05 0.0109375 0.012037037037037037
1 0.9114583333333334 0.9847222222222223 0.01484375 0.021296296296296296
1 0.9091145833333333 0.9587962962962963 0.010416666666666666 0.009259259259259259
1 0.9388020833333334 0.9601851851851851 0.007291666666666667 0.017592592592592594
1 0.5895833333333333 0.5166666666666667 0.008072916666666667 0.014351851851851852
1 0.5744791666666667 0.46805555555555556 0.00390625 0.011111111111111112
1 0.6229166666666667 0.4740740740740741 0.00859375 0.009722222222222222
1 0.5447916666666667 0.4203703703703704 0.00625 0.012962962962962963
1 0.5427083333333333 0.39537037037037037 0.007552083333333333 0.01712962962962963
