1 0.5703125 0.23703703703703705 0.010416666666666666 0.014351851851851852
1 0.5958333333333333 0.2800925925925926 0.010416666666666666 0.016666666666666666
1 0.55 0.16111111111111112 0.011197916666666667 0.019444444444444445
1 0.5484375 0.18981481481481483 0.007552083333333333 0.015277777777777777
1 0.5546875 0.18703703703703703 0.0078125 0.015277777777777777
1 0.6458333333333334 0.2324074074074074 0.010677083333333334 0.018518518518518517
1 0.9354166666666667 0.7060185185185185 0.0203125 0.020370370370370372
1 0.9177083333333333 0.7462962962962963 0.018489583333333334 0.021296296296296296
1 0.9364583333333333 0.7351851851851852 0.01875 0.018518518518518517
1 0.9177083333333333 0.7212962962962963 0.015625 0.012037037037037037
