1 0.6546875 0.18333333333333332 0.0067708333333333336 0.011574074074074073
1 0.6088541666666667 0.2222222222222222 0.009635416666666667 0.016666666666666666
1 0.58515625 0.175 0.0046875 0.011111111111111112
1 0.5690104166666666 0.09722222222222222 0.010416666666666666 0.01898148148148148
1 0.571875 0.125 0.005989583333333334 0.013888888888888888
1 0.9109375 0.7046296296296296 0.01484375 0.011574074074074073
1 0.9255208333333333 0.6856481481481481 0.01953125 0.019444444444444445
1 0.9088541666666666 0.7319444444444444 0.015885416666666666 0.023148148148148147
1 0.93125 0.7203703703703703 0.021614583333333333 0.01712962962962963
1 0.8427083333333333 0.3699074074074074 0.00859375 0.014814814814814815
1 0.8489583333333334 0.4027777777777778 0.005208333333333333 0.008796296296296297
