1 0.5713541666666667 0.06851851851851852 0.00703125 0.01898148148148148
1 0.5739583333333333 0.0962962962962963 0.006510416666666667 0.013425925925925926
1 0.5666666666666667 0.09814814814814815 0.008854166666666666 0.011574074074074073
1 0.5864583333333333 0.14583333333333334 0.0033854166666666668 0.010185185185185186
1 0.6114583333333333 0.19444444444444445 0.008854166666666666 0.015277777777777777
1 0.653125 0.1550925925925926 0.00703125 0.012962962962962963
1 0.9291666666666667 0.6574074074074074 0.01640625 0.013425925925925926
1 0.9135416666666667 0.675 0.014322916666666666 0.0125
1 0.9109375 0.7018518518518518 0.016145833333333335 0.020833333333333332
1 0.9247395833333333 0.6916666666666667 0.019791666666666666 0.015277777777777777
