3 0.2796875 0.8810185185185185 0.02734375 0.03425925925925926
3 0.6377604166666667 0.6425925925925926 0.022916666666666665 0.03287037037037037
3 0.340625 0.35138888888888886 0.00859375 0.018518518518518517
1 0.7927083333333333 0.03888888888888889 0.002864583333333333 0.006944444444444444
1 0.9557291666666666 0.028703703703703703 0.0049479166666666664 0.007407407407407408
1 0.9489583333333333 0.033796296296296297 0.002864583333333333 0.006481481481481481
1 0.95 0.06018518518518518 0.0033854166666666668 0.0125
1 0.9703125 0.04814814814814815 0.0049479166666666664 0.00787037037037037
1 0.9713541666666666 0.052314814814814814 0.007552083333333333 0.009259259259259259
1 0.9796875 0.008796296296296297 0.0036458333333333334 0.009259259259259259
1 0.96875 0.018518518518518517 0.002864583333333333 0.011574074074074073
1 0.9734375 0.0125 0.00390625 0.011111111111111112
