3 0.35572916666666665 0.6347222222222222 0.016145833333333335 0.023148148148148147
3 0.43645833333333334 0.6888888888888889 0.016927083333333332 0.024074074074074074
3 0.5645833333333333 0.8472222222222222 0.008854166666666666 0.022222222222222223
3 0.56953125 0.35185185185185186 0.011458333333333333 0.02638888888888889
3 0.5377604166666666 0.44074074074074077 0.0109375 0.02175925925925926
3 0.10833333333333334 0.6347222222222222 0.02578125 0.037037037037037035
1 0.675 0.16111111111111112 0.01328125 0.010648148148148148
1 0.68828125 0.17592592592592593 0.0125 0.014351851851851852
1 0.7067708333333333 0.1398148148148148 0.012760416666666666 0.012037037037037037
1 0.7046875 0.1884259259259259 0.0125 0.011111111111111112
1 0.9203125 0.43703703703703706 0.017708333333333333 0.02175925925925926
1 0.9390625 0.3726851851851852 0.01875 0.018518518518518517
1 0.8919270833333334 0.4148148148148148 0.009375 0.016203703703703703
1 0.8981770833333333 0.3990740740740741 0.009375 0.014351851851851852
1 0.88828125 0.24305555555555555 0.005208333333333333 0.012037037037037037
1 0.9421875 0.2967592592592593 0.0036458333333333334 0.009259259259259259
1 0.9484375 0.2986111111111111 0.003125 0.010185185185185186
1 0.7703125 0.19212962962962962 0.0049479166666666664 0.011111111111111112
1 0.7776041666666667 0.19722222222222222 0.0036458333333333334 0.011574074074074073
1 0.78203125 0.19722222222222222 0.0036458333333333334 0.008796296296296297
1 0.7796875 0.20555555555555555 0.004427083333333333 0.012037037037037037
1 0.6520833333333333 0.06666666666666667 0.00546875 0.010185185185185186
1 0.6890625 0.07777777777777778 0.00390625 0.009259259259259259
1 0.6828125 0.004629629629629629 0.003125 0.009259259259259259
1 0.696875 0.010185185185185186 0.004427083333333333 0.0125
1 0.7927083333333333 0.062037037037037036 0.009635416666666667 0.0125
1 0.8088541666666667 0.052314814814814814 0.01015625 0.012037037037037037
1 0.8489583333333334 0.09074074074074075 0.005989583333333334 0.010648148148148148
1 0.8552083333333333 0.09351851851851851 0.00546875 0.015277777777777777
1 0.953125 0.0962962962962963 0.00703125 0.015277777777777777
1 0.9296875 0.056018518518518516 0.00859375 0.012037037037037037
1 0.9140625 0.033796296296296297 0.007291666666666667 0.008333333333333333
1 0.9802083333333333 0.07222222222222222 0.00546875 0.011574074074074073
1 0.9760416666666667 0.06620370370370371 0.007552083333333333 0.011111111111111112
1 0.9697916666666667 0.0587962962962963 0.005989583333333334 0.010185185185185186
