3 0.1328125 0.6027777777777777 0.017708333333333333 0.025925925925925925
3 0.3458333333333333 0.663425925925926 0.011458333333333333 0.030555555555555555
3 0.45338541666666665 0.6638888888888889 0.008333333333333333 0.025925925925925925
3 0.5528645833333333 0.46805555555555556 0.008333333333333333 0.017592592592592594
3 0.5645833333333333 0.3814814814814815 0.014583333333333334 0.021296296296296296
1 0.915625 0.4300925925925926 0.015364583333333333 0.01574074074074074
1 0.9109375 0.43287037037037035 0.015104166666666667 0.012037037037037037
1 0.928125 0.37222222222222223 0.017447916666666667 0.015277777777777777
1 0.9020833333333333 0.38935185185185184 0.005208333333333333 0.006481481481481481
1 0.8958333333333334 0.4046296296296296 0.00390625 0.006944444444444444
1 0.95390625 0.30462962962962964 0.0036458333333333334 0.004629629629629629
1 0.8815104166666666 0.2574074074074074 0.003125 0.004629629629629629
1 0.778125 0.19537037037037036 0.00390625 0.006481481481481481
1 0.7877604166666666 0.20416666666666666 0.0026041666666666665 0.009259259259259259
1 0.7833333333333333 0.20462962962962963 0.002864583333333333 0.006944444444444444
1 0.7802083333333333 0.20787037037037037 0.0036458333333333334 0.008333333333333333
1 0.8635416666666667 0.0962962962962963 0.0036458333333333334 0.013425925925925926
1 0.8565104166666667 0.09351851851851851 0.004166666666666667 0.008333333333333333
1 0.8765625 0.0787037037037037 0.0033854166666666668 0.004629629629629629
1 0.8075520833333333 0.06388888888888888 0.010416666666666666 0.005555555555555556
1 0.68515625 0.16435185185185186 0.0125 0.007407407407407408
1 0.6989583333333333 0.17962962962962964 0.010677083333333334 0.011111111111111112
1 0.715625 0.1388888888888889 0.00703125 0.008333333333333333
1 0.71953125 0.19074074074074074 0.011979166666666667 0.006481481481481481
1 0.66328125 0.06898148148148148 0.0036458333333333334 0.011111111111111112
1 0.7130208333333333 0.0787037037037037 0.0033854166666666668 0.006481481481481481
1 0.6890625 0.003703703703703704 0.0046875 0.007407407407407408
1 0.7065104166666667 0.009722222222222222 0.0026041666666666665 0.011111111111111112
1 0.8127604166666667 0.05740740740740741 0.0026041666666666665 0.0060185185185185185
