3 0.12890625 0.5606481481481481 0.01875 0.03333333333333333
3 0.34140625 0.6518518518518519 0.015104166666666667 0.046296296296296294
3 0.45390625 0.6208333333333333 0.011979166666666667 0.03518518518518519
3 0.5578125 0.45231481481481484 0.011458333333333333 0.026851851851851852
3 0.5697916666666667 0.8305555555555556 0.013020833333333334 0.027777777777777776
3 0.5609375 0.36203703703703705 0.015625 0.01898148148148148
1 0.9213541666666667 0.3990740740740741 0.02265625 0.022685185185185187
1 0.9338541666666667 0.33935185185185185 0.018489583333333334 0.016666666666666666
1 0.9026041666666667 0.37037037037037035 0.009635416666666667 0.011574074074074073
1 0.9078125 0.36203703703703705 0.013802083333333333 0.0125
1 0.9609375 0.2740740740740741 0.00546875 0.00787037037037037
1 0.9651041666666667 0.2777777777777778 0.0036458333333333334 0.009722222222222222
1 0.8854166666666666 0.22777777777777777 0.005989583333333334 0.010648148148148148
1 0.7864583333333334 0.1837962962962963 0.00703125 0.012962962962962963
1 0.78828125 0.1736111111111111 0.00625 0.009259259259259259
1 0.7932291666666667 0.1824074074074074 0.00546875 0.012037037037037037
1 0.7942708333333334 0.17685185185185184 0.0049479166666666664 0.007407407407407408
1 0.7294270833333333 0.16620370370370371 0.013541666666666667 0.010185185185185186
1 0.7033854166666667 0.15462962962962962 0.011979166666666667 0.0125
1 0.6903645833333333 0.13703703703703704 0.0140625 0.0125
1 0.725 0.1125 0.012239583333333333 0.013888888888888888
1 0.7265625 0.056018518518518516 0.0067708333333333336 0.010185185185185186
1 0.6651041666666667 0.04490740740740741 0.006510416666666667 0.012962962962962963
1 0.8203125 0.04027777777777778 0.011979166666666667 0.007407407407407408
1 0.8119791666666667 0.028703703703703703 0.0036458333333333334 0.00787037037037037
1 0.8184895833333333 0.03148148148148148 0.003125 0.006944444444444444
1 0.86640625 0.06851851851851852 0.0036458333333333334 0.009722222222222222
1 0.8723958333333334 0.0712962962962963 0.00390625 0.014814814814814815
1 0.8856770833333333 0.05462962962962963 0.0036458333333333334 0.008333333333333333
1 0.88828125 0.05648148148148148 0.0020833333333333333 0.005092592592592593
1 0.8994791666666667 0.04722222222222222 0.00234375 0.00787037037037037
1 0.9046875 0.046296296296296294 0.0033854166666666668 0.009722222222222222
1 0.9005208333333333 0.005555555555555556 0.004427083333333333 0.005092592592592593
1 0.9328125 0.012037037037037037 0.005989583333333334 0.0060185185185185185
1 0.9453125 0.034722222222222224 0.0036458333333333334 0.005555555555555556
1 0.9489583333333333 0.032407407407407406 0.0033854166666666668 0.009259259259259259
1 0.9901041666666667 0.0375 0.006510416666666667 0.010185185185185186
1 0.996875 0.06805555555555555 0.0049479166666666664 0.01574074074074074
