3 0.1390625 0.5699074074074074 0.022916666666666665 0.027777777777777776
3 0.35885416666666664 0.7222222222222222 0.016145833333333335 0.041666666666666664
3 0.49166666666666664 0.6310185185185185 0.012239583333333333 0.030555555555555555
3 0.5890625 0.4046296296296296 0.017447916666666667 0.02638888888888889
1 0.728125 0.175 0.01796875 0.0125
1 0.7450520833333333 0.19305555555555556 0.015104166666666667 0.012962962962962963
1 0.7713541666666667 0.20046296296296295 0.01640625 0.016666666666666666
1 0.7609375 0.14907407407407408 0.010677083333333334 0.013425925925925926
1 0.8309895833333333 0.22037037037037038 0.008333333333333333 0.011574074074074073
1 0.8408854166666667 0.2175925925925926 0.005208333333333333 0.013425925925925926
1 0.8354166666666667 0.21064814814814814 0.008072916666666667 0.012037037037037037
1 0.93203125 0.2652777777777778 0.008333333333333333 0.014814814814814815
1 0.98828125 0.3638888888888889 0.017708333333333333 0.016203703703703703
1 0.9869791666666666 0.41388888888888886 0.022916666666666665 0.02638888888888889
1 0.9627604166666667 0.38564814814814813 0.009895833333333333 0.020370370370370372
1 0.7020833333333333 0.08981481481481482 0.007552083333333333 0.0125
1 0.7697916666666667 0.09907407407407408 0.00546875 0.009722222222222222
1 0.7197916666666667 0.03333333333333333 0.00546875 0.01712962962962963
1 0.74140625 0.03981481481481482 0.003125 0.0125
1 0.8390625 0.0375 0.004427083333333333 0.013888888888888888
1 0.8434895833333333 0.07592592592592592 0.0046875 0.008333333333333333
1 0.85 0.08148148148148149 0.005989583333333334 0.00787037037037037
1 0.8536458333333333 0.08888888888888889 0.012239583333333333 0.009722222222222222
1 0.9028645833333333 0.10972222222222222 0.0026041666666666665 0.010185185185185186
1 0.9114583333333334 0.11435185185185186 0.005989583333333334 0.014814814814814815
1 0.9239583333333333 0.09861111111111111 0.0078125 0.012962962962962963
1 0.9434895833333333 0.09074074074074075 0.0046875 0.011574074074074073
1 0.9239583333333333 0.03148148148148148 0.0046875 0.010648148148148148
1 0.9130208333333333 0.011111111111111112 0.002864583333333333 0.009259259259259259
1 0.9166666666666666 0.012037037037037037 0.002864583333333333 0.009722222222222222
1 0.9020833333333333 0.006481481481481481 0.005729166666666666 0.006944444444444444
1 0.9333333333333333 0.052314814814814814 0.0036458333333333334 0.008333333333333333
1 0.9880208333333333 0.07777777777777778 0.0033854166666666668 0.00787037037037037
