3 0.10390625 0.6314814814814815 0.019791666666666666 0.034722222222222224
3 0.35572916666666665 0.7967592592592593 0.018229166666666668 0.04814814814814815
3 0.49583333333333335 0.6606481481481481 0.015625 0.03425925925925926
3 0.57890625 0.4425925925925926 0.018229166666666668 0.027314814814814816
3 0.6078125 0.5337962962962963 0.009635416666666667 0.026851851851851852
1 0.95078125 0.38796296296296295 0.008854166666666666 0.015277777777777777
1 0.9776041666666667 0.4101851851851852 0.021875 0.021296296296296296
1 0.9770833333333333 0.3648148148148148 0.014322916666666666 0.015277777777777777
1 0.9088541666666666 0.28055555555555556 0.008072916666666667 0.010185185185185186
1 0.8119791666666667 0.24537037037037038 0.00546875 0.011574074074074073
1 0.8114583333333333 0.23333333333333334 0.0033854166666666668 0.009722222222222222
1 0.8140625 0.2361111111111111 0.003125 0.008796296296296297
1 0.7033854166666667 0.20925925925925926 0.013541666666666667 0.008796296296296297
1 0.7208333333333333 0.22268518518518518 0.0109375 0.012037037037037037
1 0.7536458333333333 0.23055555555555557 0.014322916666666666 0.009259259259259259
1 0.7364583333333333 0.18333333333333332 0.012760416666666666 0.00787037037037037
1 0.6713541666666667 0.13333333333333333 0.0046875 0.010185185185185186
1 0.7463541666666667 0.13240740740740742 0.003125 0.004629629629629629
1 0.6869791666666667 0.07777777777777778 0.00234375 0.006481481481481481
1 0.67578125 0.046296296296296294 0.0046875 0.0060185185185185185
1 0.6536458333333334 0.03611111111111111 0.0033854166666666668 0.004629629629629629
1 0.6942708333333333 0.040740740740740744 0.002864583333333333 0.0060185185185185185
1 0.6890625 0.026851851851851852 0.004427083333333333 0.006944444444444444
1 0.7057291666666666 0.044444444444444446 0.003125 0.00787037037037037
1 0.7145833333333333 0.05092592592592592 0.00390625 0.008796296296296297
1 0.71015625 0.03148148148148148 0.0020833333333333333 0.009722222222222222
1 0.7283854166666667 0.04490740740740741 0.003125 0.009259259259259259
1 0.7307291666666667 0.04722222222222222 0.00234375 0.009259259259259259
1 0.7239583333333334 0.016203703703703703 0.0026041666666666665 0.012037037037037037
1 0.7296875 0.014814814814814815 0.00234375 0.00787037037037037
1 0.73203125 0.022222222222222223 0.003125 0.014351851851851852
1 0.7932291666666667 0.08148148148148149 0.004427083333333333 0.013888888888888888
1 0.8083333333333333 0.11666666666666667 0.0033854166666666668 0.009722222222222222
1 0.8145833333333333 0.11851851851851852 0.005989583333333334 0.006944444444444444
1 0.81640625 0.12638888888888888 0.0109375 0.008333333333333333
1 0.7734375 0.04259259259259259 0.0036458333333333334 0.006944444444444444
1 0.7546875 0.01990740740740741 0.004166666666666667 0.007407407407407408
1 0.7713541666666667 0.017592592592592594 0.0033854166666666668 0.010185185185185186
1 0.7770833333333333 0.019444444444444445 0.004166666666666667 0.011574074074074073
1 0.7739583333333333 0.005555555555555556 0.00234375 0.006481481481481481
1 0.7763020833333333 0.005555555555555556 0.0026041666666666665 0.00787037037037037
1 0.7864583333333334 0.01574074074074074 0.003125 0.008796296296296297
1 0.79140625 0.021296296296296296 0.0026041666666666665 0.006944444444444444
1 0.7963541666666667 0.02361111111111111 0.0036458333333333334 0.007407407407407408
1 0.8671875 0.14305555555555555 0.005208333333333333 0.013888888888888888
1 0.87578125 0.14305555555555555 0.00625 0.01574074074074074
1 0.9033854166666667 0.12175925925925926 0.003125 0.008333333333333333
1 0.8856770833333333 0.13055555555555556 0.004166666666666667 0.008333333333333333
1 0.9447916666666667 0.10925925925925926 0.004427083333333333 0.006944444444444444
1 0.8911458333333333 0.08888888888888889 0.006510416666666667 0.007407407407407408
1 0.9015625 0.08101851851851852 0.0049479166666666664 0.010185185185185186
1 0.8484375 0.04537037037037037 0.0036458333333333334 0.010648148148148148
1 0.8583333333333333 0.049074074074074076 0.0026041666666666665 0.009722222222222222
1 0.8302083333333333 0.017592592592592594 0.002864583333333333 0.006481481481481481
1 0.8338541666666667 0.018518518518518517 0.004166666666666667 0.0060185185185185185
1 0.8380208333333333 0.018518518518518517 0.002864583333333333 0.005555555555555556
1 0.84140625 0.01990740740740741 0.0026041666666666665 0.006481481481481481
1 0.8315104166666667 0.03888888888888889 0.0026041666666666665 0.006944444444444444
1 0.82890625 0.0375 0.003125 0.006481481481481481
1 0.8260416666666667 0.03611111111111111 0.00390625 0.005092592592592593
1 0.9864583333333333 0.10925925925925926 0.00625 0.012037037037037037
1 0.9932291666666667 0.11574074074074074 0.006510416666666667 0.007407407407407408
