3 0.08489583333333334 0.6101851851851852 0.026302083333333334 0.0412037037037037
3 0.39348958333333334 0.7981481481481482 0.0265625 0.05138888888888889
3 0.5213541666666667 0.6064814814814815 0.023697916666666666 0.034722222222222224
3 0.5916666666666667 0.4013888888888889 0.0171875 0.03425925925925926
3 0.6364583333333333 0.4930555555555556 0.008854166666666666 0.03148148148148148
1 0.7057291666666666 0.15416666666666667 0.017447916666666667 0.012037037037037037
1 0.7239583333333334 0.16666666666666666 0.01171875 0.012037037037037037
1 0.7328125 0.13055555555555556 0.011979166666666667 0.009259259259259259
1 0.7583333333333333 0.1736111111111111 0.012760416666666666 0.011111111111111112
1 0.8213541666666667 0.18333333333333332 0.005989583333333334 0.008796296296296297
1 0.8182291666666667 0.17407407407407408 0.0049479166666666664 0.011574074074074073
1 0.8197916666666667 0.175 0.002864583333333333 0.007407407407407408
1 0.9125 0.2175925925925926 0.008072916666666667 0.016203703703703703
1 0.9940104166666667 0.2916666666666667 0.0109375 0.018055555555555554
1 0.9734375 0.3111111111111111 0.00625 0.01574074074074074
1 0.9765625 0.05185185185185185 0.0067708333333333336 0.0125
1 0.9846354166666667 0.05740740740740741 0.00625 0.00787037037037037
1 0.9908854166666666 0.0587962962962963 0.0046875 0.008333333333333333
1 0.8625 0.08611111111111111 0.00390625 0.008796296296296297
1 0.8713541666666667 0.08703703703703704 0.0046875 0.014814814814814815
1 0.8963541666666667 0.06805555555555555 0.003125 0.009259259259259259
1 0.8908854166666667 0.06851851851851852 0.0026041666666666665 0.006944444444444444
1 0.9140625 0.03981481481481482 0.008333333333333333 0.006944444444444444
1 0.8890625 0.02638888888888889 0.0049479166666666664 0.011111111111111112
1 0.8783854166666667 0.03611111111111111 0.0046875 0.007407407407407408
1 0.8822916666666667 0.03611111111111111 0.003125 0.006481481481481481
1 0.865625 0.018518518518518517 0.0033854166666666668 0.008796296296296297
1 0.8526041666666667 0.005555555555555556 0.0020833333333333333 0.00787037037037037
1 0.8565104166666667 0.005555555555555556 0.004166666666666667 0.009722222222222222
1 0.8088541666666667 0.07361111111111111 0.009114583333333334 0.008333333333333333
1 0.8059895833333334 0.06481481481481481 0.005208333333333333 0.006481481481481481
1 0.8002604166666667 0.06481481481481481 0.0026041666666666665 0.010185185185185186
1 0.7770833333333333 0.03148148148148148 0.0033854166666666668 0.0125
1 0.7515625 0.0824074074074074 0.005208333333333333 0.005092592592592593
1 0.6619791666666667 0.08518518518518518 0.005989583333333334 0.011574074074074073
1 0.6786458333333333 0.034722222222222224 0.0033854166666666668 0.013888888888888888
1 0.6963541666666667 0.0375 0.0036458333333333334 0.008333333333333333
1 0.7028645833333333 0.009259259259259259 0.004166666666666667 0.004166666666666667
1 0.7078125 0.003703703703703704 0.0046875 0.0060185185185185185
