3 0.4765625 0.3087962962962963 0.0265625 0.020370370370370372
3 0.6221354166666667 0.2791666666666667 0.0109375 0.025925925925925925
3 0.5283854166666667 0.23703703703703705 0.009375 0.03657407407407407
3 0.7036458333333333 0.7680555555555556 0.03723958333333333 0.04722222222222222
3 0.9091145833333333 0.6759259259259259 0.0359375 0.034722222222222224
3 0.4765625 0.30694444444444446 0.026041666666666668 0.018518518518518517
3 0.5283854166666667 0.2375 0.0109375 0.03611111111111111
3 0.6216145833333333 0.2791666666666667 0.009895833333333333 0.025
3 0.7046875 0.7680555555555556 0.0390625 0.044444444444444446
3 0.9088541666666666 0.6759259259259259 0.03619791666666667 0.03518518518518519
