3 0.3020833333333333 0.475 0.010677083333333334 0.043055555555555555
1 0.5770833333333333 0.4898148148148148 0.030208333333333334 0.03935185185185185
1 0.8036458333333333 0.4564814814814815 0.011979166666666667 0.046296296296296294
1 0.815625 0.3861111111111111 0.015885416666666666 0.05
1 0.8005208333333333 0.24444444444444444 0.027864583333333335 0.018055555555555554
1 0.85625 0.4861111111111111 0.027864583333333335 0.01898148148148148
1 0.9614583333333333 0.462037037037037 0.02421875 0.01898148148148148
1 0.9890625 0.5416666666666666 0.021614583333333333 0.016203703703703703
1 0.9802083333333333 0.7425925925925926 0.0125 0.020370370370370372
1 0.971875 0.8490740740740741 0.008072916666666667 0.02361111111111111
1 0.9817708333333334 0.8611111111111112 0.012239583333333333 0.02361111111111111
