3 0.2828125 0.34444444444444444 0.01328125 0.03981481481481482
1 0.5802083333333333 0.5046296296296297 0.01015625 0.055092592592592596
1 0.784375 0.23148148148148148 0.029166666666666667 0.015277777777777777
1 0.8052083333333333 0.37453703703703706 0.01015625 0.05092592592592592
1 0.7885416666666667 0.4222222222222222 0.00703125 0.044444444444444446
1 0.8395833333333333 0.4699074074074074 0.0234375 0.01574074074074074
1 0.9838541666666667 0.4703703703703704 0.02109375 0.016666666666666666
1 0.8390625 0.5611111111111111 0.02734375 0.017592592592592594
1 0.9609375 0.7356481481481482 0.0140625 0.014814814814814815
1 0.9598958333333333 0.812037037037037 0.012239583333333333 0.01990740740740741
1 0.9322916666666666 0.85 0.00859375 0.022685185185185187
