3 0.28072916666666664 0.33564814814814814 0.013802083333333333 0.03981481481481482
1 0.5791666666666667 0.5087962962962963 0.01015625 0.05555555555555555
1 0.7880208333333333 0.4185185185185185 0.00859375 0.0412037037037037
1 0.8046875 0.37407407407407406 0.012760416666666666 0.055092592592592596
1 0.7828125 0.22962962962962963 0.028385416666666666 0.018055555555555554
1 0.8401041666666667 0.4722222222222222 0.027083333333333334 0.013425925925925926
1 0.8432291666666667 0.4962962962962963 0.027864583333333335 0.011574074074074073
1 0.8333333333333334 0.5611111111111111 0.02734375 0.017592592592592594
1 0.9559895833333333 0.7388888888888889 0.013541666666666667 0.018055555555555554
1 0.9557291666666666 0.8148148148148148 0.012239583333333333 0.01898148148148148
1 0.9322916666666666 0.8537037037037037 0.011458333333333333 0.025925925925925925
1 0.9916666666666667 0.46944444444444444 0.01640625 0.024537037037037038
