3 0.33177083333333335 0.562962962962963 0.01484375 0.03935185185185185
1 0.5682291666666667 0.48657407407407405 0.032552083333333336 0.026851851851851852
1 0.8208333333333333 0.24259259259259258 0.0265625 0.014351851851851852
1 0.81328125 0.387037037037037 0.017708333333333333 0.04861111111111111
1 0.8127604166666667 0.4925925925925926 0.016666666666666666 0.04027777777777778
1 0.8588541666666667 0.4981481481481482 0.028645833333333332 0.01990740740740741
1 0.9171875 0.4824074074074074 0.0234375 0.016203703703703703
1 0.97890625 0.7490740740740741 0.016666666666666666 0.021296296296296296
1 0.9786458333333333 0.8740740740740741 0.01796875 0.017592592592592594
1 0.97734375 0.8606481481481482 0.0109375 0.025925925925925925
1 0.98984375 0.5055555555555555 0.016666666666666666 0.046296296296296294
1 0.9875 0.30092592592592593 0.024479166666666666 0.020370370370370372
