3 0.3416666666666667 0.6421296296296296 0.013802083333333333 0.04537037037037037
1 0.5760416666666667 0.4842592592592593 0.020572916666666666 0.05324074074074074
1 0.8598958333333333 0.24537037037037038 0.027604166666666666 0.020833333333333332
1 0.8317708333333333 0.3962962962962963 0.03203125 0.024537037037037038
1 0.9244791666666666 0.3236111111111111 0.027864583333333335 0.025
1 0.81875 0.5074074074074074 0.02109375 0.037037037037037035
1 0.8752604166666667 0.5027777777777778 0.027083333333333334 0.02175925925925926
1 0.92421875 0.4722222222222222 0.0234375 0.034722222222222224
1 0.9731770833333333 0.4898148148148148 0.015104166666666667 0.049074074074074076
1 0.9752604166666666 0.7560185185185185 0.013541666666666667 0.022222222222222223
