3 0.3390625 0.6472222222222223 0.013802083333333333 0.04537037037037037
1 0.5776041666666667 0.4564814814814815 0.0140625 0.05277777777777778
1 0.89921875 0.2111111111111111 0.027604166666666666 0.020833333333333332
1 0.8708333333333333 0.35648148148148145 0.03203125 0.024537037037037038
1 0.9317708333333333 0.30185185185185187 0.025520833333333333 0.04027777777777778
1 0.83125 0.4888888888888889 0.03333333333333333 0.03009259259259259
1 0.90390625 0.4708333333333333 0.027083333333333334 0.022222222222222223
1 0.9393229166666667 0.4351851851851852 0.025520833333333333 0.02361111111111111
1 0.97109375 0.462037037037037 0.013541666666666667 0.05138888888888889
1 0.9760416666666667 0.725 0.01484375 0.022685185185185187
