3 0.3333333333333333 0.5861111111111111 0.01484375 0.03935185185185185
1 0.5713541666666667 0.48657407407407405 0.032552083333333336 0.026851851851851852
1 0.8276041666666667 0.23796296296296296 0.027083333333333334 0.018518518518518517
1 0.8169270833333333 0.38981481481481484 0.017708333333333333 0.04861111111111111
1 0.8122395833333333 0.4935185185185185 0.016666666666666666 0.04027777777777778
1 0.8635416666666667 0.5009259259259259 0.028645833333333332 0.01990740740740741
1 0.9145833333333333 0.4824074074074074 0.023177083333333334 0.03657407407407407
1 0.97421875 0.75 0.016666666666666666 0.021296296296296296
1 0.98125 0.8787037037037037 0.01796875 0.017592592592592594
1 0.9770833333333333 0.5009259259259259 0.016666666666666666 0.046296296296296294
1 0.9645833333333333 0.3055555555555556 0.024479166666666666 0.020370370370370372
1 0.9885416666666667 0.8564814814814815 0.014583333333333334 0.022685185185185187
