3 0.2994791666666667 0.4449074074074074 0.01328125 0.04351851851851852
1 0.5783854166666667 0.49166666666666664 0.0328125 0.02824074074074074
1 0.803125 0.44722222222222224 0.012239583333333333 0.04814814814814815
1 0.8174479166666667 0.37962962962962965 0.018229166666666668 0.04814814814814815
1 0.8651041666666667 0.4773148148148148 0.02734375 0.021296296296296296
1 0.7947916666666667 0.23796296296296296 0.029427083333333333 0.020833333333333332
1 0.9697916666666667 0.46296296296296297 0.02265625 0.015277777777777777
1 0.9854166666666667 0.5398148148148149 0.028385416666666666 0.018055555555555554
1 0.9828125 0.7333333333333333 0.0140625 0.015277777777777777
1 0.9908854166666666 0.5009259259259259 0.017708333333333333 0.016666666666666666
1 0.971875 0.8314814814814815 0.01015625 0.01712962962962963
1 0.9911458333333333 0.8537037037037037 0.01328125 0.014814814814814815
