3 0.24895833333333334 0.5763888888888888 0.12760416666666666 0.10046296296296296
1 0.43515625 0.14351851851851852 0.026041666666666668 0.024537037037037038
1 0.5458333333333333 0.11990740740740741 0.062239583333333334 0.03657407407407407
1 0.5510416666666667 0.03564814814814815 0.00234375 0.008333333333333333
1 0.5536458333333333 0.03564814814814815 0.002864583333333333 0.008796296296296297
1 0.5565104166666667 0.03518518518518519 0.00234375 0.009722222222222222
1 0.58203125 0.03518518518518519 0.0026041666666666665 0.0125
1 0.746875 0.0375 0.00390625 0.016666666666666666
1 0.8010416666666667 0.04212962962962963 0.00625 0.013888888888888888
1 0.8140625 0.05648148148148148 0.008333333333333333 0.0125
1 0.8244791666666667 0.033796296296296297 0.005208333333333333 0.014814814814814815
1 0.91953125 0.05462962962962963 0.007291666666666667 0.021296296296296296
1 0.9315104166666667 0.05740740740740741 0.0049479166666666664 0.018518518518518517
1 0.98125 0.05324074074074074 0.0078125 0.027777777777777776
1 0.996875 0.06759259259259259 0.005729166666666666 0.02638888888888889
1 0.97734375 0.044444444444444446 0.005989583333333334 0.030555555555555555
1 0.8481770833333333 0.041666666666666664 0.004166666666666667 0.01574074074074074