1 0.4432291666666667 0.16574074074074074 0.03307291666666667 0.044444444444444446
1 0.3450520833333333 0.07777777777777778 0.026302083333333334 0.05324074074074074
1 0.47317708333333336 0.1337962962962963 0.020052083333333335 0.0787037037037037
1 0.65703125 0.15138888888888888 0.01640625 0.03888888888888889
1 0.7080729166666667 0.15231481481481482 0.014322916666666666 0.07175925925925926
1 0.76953125 0.1337962962962963 0.012239583333333333 0.034722222222222224
1 0.6822916666666666 0.08842592592592592 0.021614583333333333 0.05138888888888889
1 0.55234375 0.12824074074074074 0.015885416666666666 0.03611111111111111
1 0.51171875 0.075 0.023958333333333335 0.04814814814814815
1 0.596875 0.11296296296296296 0.017708333333333333 0.0412037037037037
3 0.62265625 0.7648148148148148 0.031510416666666666 0.11990740740740741
