1 0.8010416666666667 0.075 0.054947916666666666 0.03518518518518519
1 0.9723958333333333 0.46111111111111114 0.018489583333333334 0.09212962962962963
1 0.8908854166666667 0.6564814814814814 0.046614583333333334 0.04861111111111111
1 0.8736979166666666 0.8546296296296296 0.0515625 0.055092592592592596
1 0.5403645833333334 0.7125 0.0515625 0.05185185185185185
1 0.3109375 0.6236111111111111 0.026822916666666665 0.05185185185185185
1 0.45338541666666665 0.44907407407407407 0.036458333333333336 0.03333333333333333
1 0.10911458333333333 0.5814814814814815 0.04583333333333333 0.0763888888888889
1 0.24244791666666668 0.18425925925925926 0.02890625 0.041666666666666664
3 0.7307291666666667 0.37175925925925923 0.054427083333333334 0.046296296296296294
1 0.33958333333333335 0.06481481481481481 0.0328125 0.03981481481481482
