1 0.33567708333333335 0.09814814814814815 0.01484375 0.037037037037037035
1 0.23359375 0.1736111111111111 0.011458333333333333 0.03796296296296296
1 0.46510416666666665 0.4527777777777778 0.026822916666666665 0.029166666666666667
1 0.303125 0.6263888888888889 0.016666666666666666 0.03009259259259259
1 0.44296875 0.7310185185185185 0.04348958333333333 0.024537037037037038
1 0.11276041666666667 0.5356481481481481 0.03958333333333333 0.033796296296296297
3 0.7880208333333333 0.48842592592592593 0.017708333333333333 0.05648148148148148
1 0.984375 0.4810185185185185 0.01484375 0.04861111111111111
1 0.88515625 0.6680555555555555 0.023958333333333335 0.05925925925925926
1 0.86015625 0.8712962962962963 0.03828125 0.05092592592592592
1 0.8184895833333333 0.08009259259259259 0.026041666666666668 0.03518518518518519
