1 0.2125 0.1587962962962963 0.0140625 0.037037037037037035
1 0.34348958333333335 0.19490740740740742 0.0203125 0.04537037037037037
1 0.45859375 0.4583333333333333 0.03203125 0.03333333333333333
1 0.4158854166666667 0.7240740740740741 0.03359375 0.07037037037037037
1 0.28177083333333336 0.6240740740740741 0.024739583333333332 0.03148148148148148
1 0.10052083333333334 0.5324074074074074 0.0390625 0.03657407407407407
1 0.83671875 0.08796296296296297 0.02734375 0.050462962962962966
1 0.9361979166666666 0.4287037037037037 0.0203125 0.05185185185185185
1 0.8252604166666667 0.6361111111111111 0.03984375 0.02824074074074074
1 0.8731770833333333 0.8773148148148148 0.03619791666666667 0.03981481481481482
3 0.81015625 0.6773148148148148 0.020572916666666666 0.05787037037037037
